author,subs_count,comments_count,total_count
xopranaut,1,66,67
Sapotis,1,20,21
Yuli-Ban,3,122,125
redingerforcongress,73,503,576
Melodicmarc,1,53,54
BrewTheDeck,1,61,62
Necoras,1,144,145
EverythingZen19,1,35,36
Hypx,98,149,247
SensibleInterlocutor,1,20,21
Gamma_prime,1,1,2
ovirt001,8,787,795
javascript_dev,1,15,16
wolfkeeper,1,367,368
_Chemistry_,1,29,30
ILikeNeurons,14,931,945
andygates2323,2,150,152
lughnasadh,662,963,1625
DukkyDrake,21,278,299
pegothejerk,1,27,28
Ichirosato,4,131,135
ting_bu_dong,1,48,49
cornerblockakl,2,163,165
wewewawa,96,138,234
OliverSparrow,33,2406,2439
gerardth,1,56,57
wiserhairybag,2,117,119
trakk2,3,107,110
2Punx2Furious,1,561,562
manual_tranny,138,373,511
Mobilecvlans,3,24,27
stststststststs,1,66,67
Metlman13,2,52,54
Technical-Berry8471,1,38,39
moon_then_mars,4,384,388
joey_sticks3,3,6,9
keepthepace,1,67,68
volyund,1,33,34
Shirowoh,1,12,13
kenkc,1,24,25
GetTold,1,86,87
Bullet_Storm,6,88,94
oojacoboo,3,149,152
AutoModerator,2,5036,5038
Math_Programmer,6,401,407
x2040,2,37,39
QQQult,3,3,6
matthra,1,47,48
Jeff_CanaryMedia,2,20,22
Hulihutu,1,2,3
pentin0,59,63,122
Magnus_Carter0,5,47,52
acutelychronicpanic,2,299,301
Luckychatt,2,20,22
Zoomerz911,2,40,42
Rare_Slice_8353,1,209,210
herbw,2,470,472
MightEnlightenYou,1,5,6
Ezekiel_W,53,159,212
Kinexity,1,489,490
InvisibleLeftHand,1,28,29
tedescooo,1,2,3
fragged8,1,148,149
kyoamano,1,1,2
Anderopolis,1,528,529
MicroSofty88,48,23,71
Bovba,1,11,12
ElegantDecline,2,31,33
neil137,1,4,5
TheInsightTV,2,7,9
Sea-Character-3167,1,28,29
theferalturtle,1,34,35
o-rka,1,55,56
QuestionableAI,2,323,325
dolphineggs,1,1,2
MatterEnough9656,17,100,117
Reinier_Reinier,1,21,22
Cr4zko,4,128,132
JayPritchard66,1,1,2
Vegetable_Hamster732,1,44,45
avdpos,1,153,154
OrbitRock_,7,127,134
prolific_ideas,4,32,36
usererror99,1,32,33
StrataMind,3,8,11
gc3,3,94,97
Smartnership,1,687,688
MercuriusExMachina,6,86,92
Monty2047,1,18,19
ThatPancreatitisGuy,1,23,24
MadScientistWannabe,1,12,13
batman007619,4,33,37
Tetrozini_38,1,2,3
cyberentomology,3,417,420
simking34,1,8,9
minterbartolo,1,128,129
junkneed,3,3,6
pigeon888,3,28,31
DrPepperThanks,2,39,41
godonlyknows1101,2,10,12
relatablerobot,1,10,11
kirkisartist,1,32,33
Immortal-Explorer,2,1,3
MBDowd,4,49,53
mauigaia,5,4,9
greyuniwave,1,10,11
demostocyles,1,25,26
ChaseExMachina,2,3,5
cptorca,1,2,3
Tao_Dragon,28,11,39
problem_solver1,12,113,125
euclideanplane,1,9,10
Devils_doohickey,13,17,30
pablo-pon,1,4,5
louisasnotes,3,41,44
bluebarcode,2,17,19
loveinternetkarma,4,33,37
drak0bsidian,1,5,6
prometheus2508,1,95,96
CompetitionIll8961,13,10,23
Glum-Maintenance2798,1,5,6
turnonthesunflower,1,12,13
smarxx,3,6,9
segosity,1,78,79
Thebadmamajama,1,85,86
madrid987,1,57,58
Respawne,2,15,17
Raspberry_Tea15,1,2,3
buttxstallion,1,10,11
oDDmON,1,28,29
piccaard-at-tanagra,1,49,50
Detriment_Phaseline,2,13,15
hibearmate,3,84,87
Zumbeer,1,4,5
ilreverde,1,27,28
Loki-L,6,51,57
Massepic,2,16,18
dandy_cicada,1,1,2
RoyalT663,1,36,37
JoeCedarFromAlameda,3,7,10
astroSubway,1,33,34
Professional_Ad_8536,1,3,4
thymeraser,2,10,12
wonknose,1,36,37
bored_in_NE,8,91,99
MurderTron_9000,1,20,21
conserveandrespect,1,12,13
Burnrate,1,39,40
Konradleijon,6,16,22
BroodPlatypus,1,81,82
awcomix,1,11,12
FishDisciple,2,286,288
NorthernScrub,1,16,17
CarbonaraQueen,4,21,25
Epistechne,1,8,9
eventualist,1,23,24
ThundaTed,1,20,21
JamesGreer13,1,4,5
m1lh0us3,3,9,12
MrSnitter,6,3,9
doowopcartoons,1,5,6
Consistent-Berry1694,1,3,4
mememerizer,9,10,19
brokenB42morrow,7,7,14
Moon_Devonshire,2,88,90
wordsaremisleading,1,7,8
N19h7m4r3,4,18,22
zaywolfe,1,39,40
chupo99,1,66,67
humanity822,2,2,4
searching_for_game,1,8,9
thankshayashi,1,16,17
remimorin,1,24,25
FirmamentGaming,2,38,40
Fuck-MDD,1,19,20
harfyi,6,65,71
Thebabymademedoit,1,10,11
-AMARYANA-,9,24,33
wereqryan12,2,20,22
DisorderNow11,1,1,2
Maximum_Overkill,1,5,6
Test19s,19,718,737
Shill1984,1,2,3
DavidJKelley,1,66,67
CannaCosmonaut,1,173,174
martin_m_n_novy,3,3,6
SenatusSPQR,3,31,34
thatfiremonkey,5,29,34
strangeattractors,14,222,236
AjaxFC1900,2,4,6
deen1802,2,3,5
motivation2804,2,8,10
pretendperson,1,205,206
ribblle,6,86,92
epSos-DE,4,66,70
trukundo,2,5,7
jrbdisorder,1,8,9
nugoXCII,1,3,4
SilentRunning,3,38,41
Life_Of_H,1,20,21
FreshCheekiBreeki,1,3,4
edwinJCU,1,1,2
Sumit316,119,38,157
master_jeriah,8,138,146
prohb,1,15,16
drunkles,101,33,134
j_knolly,1,10,11
TheScreenPlayer,1,73,74
green1119,1,2,3
TransPlanetInjection,1,63,64
Blackhawk26081999,2,1,3
iloveitwhenya,1,9,10
jarovo,2,3,5
MpVpRb,1,259,260
RaceHard,1,266,267
isaurabionews,11,18,29
barrymcgeefan,1,1,2
walt74,3,17,20
roydepoy,1,8,9
Torley_,1,4,5
anonymous34582085,1,2,3
Itoka,1,3,4
home-farm,3,3,6
PitifulNose,2,46,48
datcreativeguy,1,4,5
changeforclimate,2,2,4
mermansushi,1,54,55
stockhackerDFW,8,11,19
Bitcoin_is_plan_A,13,11,24
e_swartz,1,38,39
Olivebuddiesforlife,1,5,6
Tarkin15,1,2,3
The_Patriotic_Yank,3,1,4
Justiful,1,17,18
GreenBottom18,2,17,19
chiefwigums,1,1,2
thetburg,1,17,18
Extremely-Bad-Idea,10,229,239
TemetN,2,172,174
Darnit97,1,7,8
Freddy2517,1,2,3
Berserk_l_,2,9,11
DoughProbe,3,10,13
space_force_majeure,1,12,13
theheliumkid,2,31,33
DiverNo7539,1,1,2
ksr_malware,2,3,5
JoeKingQueen,1,35,36
HackingInHeart,1,11,12
Royalcake777,1,1,2
thespaceageisnow,5,16,21
npjprods,1,3,4
lynn_lessard,1,7,8
giantyetifeet,1,3,4
SeaSixSend,3,6,9
DaveBowman1975,15,8,23
DutchTechJunkie,18,34,52
Mystrawbium,1,11,12
DigitalR3x,1,13,14
sanem48,11,78,89
Affectionate_Buss,1,21,22
Prunestand,1,3,4
soparklion,1,12,13
lukahead6,1,5,6
cheeztoshobo,4,11,15
Aknav12,1,1,2
DunDunEthanol,1,2,3
mrwiseman,1,2,3
chrisdh79,135,133,268
sexyhusband714,6,12,18
rectalcancer90,1,5,6
enzo_the_cat,1,5,6
Responsible-Hat5816,3,26,29
Shamanized,2,15,17
gardenenigma,1,4,5
mr-kittens,2,1,3
renasissanceman6,1,39,40
AlohaLanman,1,4,5
throwaway_ind_div,1,12,13
Blackbird1251,1,1,2
girthytaquito,1,23,24
AleraIactaEst,3,4,7
Roman_Ghost,4,5,9
kansilangboliao,1,20,21
ActivistCap167,3,2,5
ArtistPasserby,1,1,2
Tungsten7_,1,6,7
taxwellhill,1,1,2
drkgodess,1,10,11
diditmakesound,1,20,21
TheCassiniProjekt,1,32,33
LoL_is_pepega_BIA,1,15,16
fuckingeuropean,2,8,10
sector3011,13,75,88
Dandy_Orchid,14,14,28
Gemini884,2,191,193
Hermitically,7,12,19
ihungko,5,5,10
megaman821,1,26,27
DisasterousGiraffe,13,105,118
kangaroonemesis,1,1,2
Charuru,2,37,39
Atienon44,1,2,3
TuxedoTechno,1,10,11
Portalrules123,6,72,78
YellowGreenPanther,1,10,11
Puzzleheaded_Basil13,8,11,19
jormungandrsjig,49,201,250
Atomic-Triangle,1,68,69
Antimutt,1,5,6
Linika,1,1,2
tim_b_er,2,12,14
lastchance,1,3,4
Agnosticpagan,1,28,29
flipmcf,1,18,19
bigknife360,1,2,3
Libro_Artis,1,21,22
RetardedFluffyCat,1,3,4
thesideofthegrass,1,3,4
skychamp3,1,3,4
Wiltaire,1,5,6
SoUnProfessional,8,6,14
tpounds0,1,22,23
genericdude999,4,41,45
Groobear,1,14,15
inertlyreactive,1,16,17
Mission-Grocery,1,5,6
eaeozs,1,4,5
aminok,1,79,80
Sure-Cloud-1780,1,9,10
Frogloggers,5,38,43
Conscious-Sleep6498,1,19,20
EcstaticGur4629,1,5,6
mikaelnorqvist,16,10,26
RRumpleTeazzer,1,59,60
Lilp24,1,10,11
Fit_Apartment_1654,1,1,2
melvinmetal,7,1,8
mistral7,1,30,31
IronFusion1,3,76,79
Datasciencemaniac,6,1,7
221missile,2,9,11
Luke-of-the-west,2,1,3
GonzoTorpedo,1,1,2
Kuandtity,1,7,8
johngrady77,1,9,10
NewsCop_media,4,4,8
mem_somerville,11,15,26
senormoll,2,12,14
Worsebetter,1,20,21
Kahing,2,64,66
Bitcoin__Hodler,5,7,12
infamousmetre,2,25,27
NurseDetroit,1,1,2
jo_l21,1,4,5
dapperHedgie,1,4,5
ReaperJr,1,10,11
tickleMyBigPoop,1,35,36
Ph0enixRuss3ll,1,64,65
Patient-Pack-3066,1,4,5
TheLastSamurai,3,176,179
Asad0924,11,5,16
Immortal385,1,1,2
CPHfuturesstudies,30,32,62
RNGreed,1,29,30
kucam12,1,16,17
Exiled_to_Earth,1,1,2
savorymonk,11,6,17
CuddlyNancy,1,11,12
prwhite18,2,4,6
MildlyInfuria8ing,1,41,42
458339,1,9,10
DrewwwBjork,1,21,22
Acceptable_Berry_393,14,12,26
billskelton,1,7,8
ThorDansLaCroix,1,74,75
dchq,1,22,23
cre8tivechiver,1,6,7
RobotEvangelist,1,4,5
BennoStaub,1,6,7
DannyMcDanface1,10,5,15
kentgoodwin,2,21,23
Separate_Pack9527,1,10,11
ihrvatska,2,22,24
matthiasroder,1,4,5
ProFoxxxx,5,67,72
barouchez,1,10,11
bboyjkang,3,24,27
ProjectFutureGR,2,2,4
rorimpotaFJ,2,1,3
RepresentativeKeebs,2,23,25
RhubarbSuccessful113,1,37,38
vicvali,1,2,3
BradBags,1,1,2
TerranOrSolaran,1,3,4
kleinefreudeimalltag,1,1,2
FuturologyModTeam,2,4,6
0_kohan,1,4,5
p-human,1,1,2
TalkativeVoyeur,1,48,49
Abooda1981,1,3,4
grpagrati,4,19,23
theb0mbers4ever,3,6,9
ComfortableNo5090,1,1,2
adlerchen,2,1,3
DC1346,1,3,4
fuck_reddits_censors,1,2,3
johantino,1,1,2
Charon1AU,1,1,2
Big_Lobster1886,1,7,8
ShittyBeatlesFCPres,1,65,66
Burning_sun_prog,1,5,6
GameCult_PixelBro,1,10,11
IronSmithFE,1,47,48
ohsnapitsnathan,1,10,11
dyno__might,1,1,2
F-U-Political-Humor,2,7,9
Sawovsky,1,27,28
upyourego,6,19,25
LJAkaar67,2,5,7
zxyzyxz,1,1,2
asimarunava,1,1,2
asanefeed,5,12,17
onlyartist6,7,3,10
Thinktankjf,1,14,15
typicalKen1,1,1,2
shanoshamanizum,14,115,129
gaudiocomplex,2,54,56
bankrobberskid,1,2,3
Kazuto_Kirigaya_RD,4,1,5
ThePlanckDiver,3,3,6
Ok_Sea_6214,1,28,29
BrentNally,6,1,7
funnykid_,1,1,2
das_cthulu,2,3,5
fuddiyandachor,2,1,3
SouthRye,1,6,7
Gixxer96,1,3,4
littlegreenfern,1,4,5
chino_84,1,6,7
oatballlove,2,42,44
Simsalabimbambusse,2,2,4
Captainmanic,5,3,8
SecretDeftones,1,57,58
mertertrern,1,3,4
busssard,1,2,3
sanatan-47,3,3,6
Heel74,3,9,12
haisojguy,1,36,37
alex20_202020,3,59,62
Sapriste,1,26,27
ChemistryRadiant,3,7,10
PIZT,14,27,41
i_devansh_chaudhary,2,1,3
Commissuresobdu,1,1,2
SkynetToday,15,17,32
stevep98,1,6,7
tmf1988,31,1,32
lenhoi,1,10,11
Important-Cup8560,1,7,8
Sheshirdzhija,1,79,80
el_gee,7,23,30
courtesy_flush_plz,1,3,4
summitrock,1,1,2
redkoicarp,1,6,7
ElianWill,4,45,49
DmC8pR2kZLzdCQZu3v,2,6,8
Appropriate_Big_8937,1,5,6
Uncle-oswald,1,3,4
Temporary_Ad_163,1,5,6
ironzombie7,1,9,10
SpaceExpl0rer69,3,3,6
MutFox,1,7,8
Inevitable_Ad2570,1,2,3
Ghost-of-Tom-Chode,1,51,52
3rd_Floor_Again,1,4,5
FridgeParade,1,23,24
Asleep-Ad-1144,1,3,4
Darlington28,1,3,4
Jacobllob,1,2,3
PassStage6,1,10,11
SigmundFreud,3,23,26
landalt,1,1,2
mcarterphoto,1,42,43
a1a3a5a7a9,3,4,7
aNormalChinese,1,1,2
patiodining,1,4,5
playertariat,5,3,8
bikwho,1,13,14
skeppep,1,1,2
petertellerweyand,3,3,6
zeando,1,2,3
Castlefree43,7,5,12
jamesstudy1,1,24,25
Kash248,1,6,7
Arpikarhu,1,8,9
KinnerNevada,1,1,2
notpaultx,1,52,53
beeblebroxide,1,8,9
Loud_Blood_7599,2,1,3
Anonexistantname,1,15,16
unroja,1,2,3
BlankVerse,7,21,28
Globetrotta,1,6,7
Plopfish,1,2,3
alphaaldoushuxley,2,8,10
Civil-Hypocrisy,1,2,3
godofpie,1,2,3
bolekk_,3,5,8
GilbertoHoratio,1,2,3
Qwerty1bang,1,1,2
Brodaboy23,1,4,5
StcStasi,14,7,21
crypdistro,9,14,23
stygger,1,19,20
espressod,2,1,3
gelimaurk,1,9,10
ONYX7BLCK,1,4,5
Ok-Cartoonist5349,15,17,32
Key-Tadpole5121,1,21,22
Sam_k_in,1,16,17
LuckyFoxPL,1,1,2
acareeradvisor,1,3,4
BaronWombat,1,4,5
Resident-Leadership5,1,1,2
elronx,2,9,11
Ruby_Rose_Gemini,1,11,12
for-S-and-Gs,1,23,24
LisaDziuba,2,5,7
Hugh_Jazzin_Ditz,1,1,2
frankscruggs,2,1,3
SomeRandomGuy33,1,3,4
Cameron12221,3,2,5
Temporary_Spread_439,1,2,3
ianlothric,3,8,11
InherentlyUnstable,1,46,47
Mexican_Racist,2,12,14
busyguava8,1,1,2
FineAd6159,1,13,14
rotated12,1,2,3
BoysenberryLanky6112,1,134,135
bralinho,1,6,7
jimihughes,2,23,25
thisispoopoopeepee,2,32,34
egwuatu,4,4,8
oldbastardbob,1,13,14
Tiyow2021,4,10,14
LepiorDEV,1,4,5
FullMaxPowerStirner,1,9,10
dimsumplatter75,2,2,4
TheOGshirtthief,1,1,2
roundearthervaxxer,1,76,77
Perfect-Stick6624,2,8,10
Unhappy_Earth1,5,6,11
LockedOutOfElfland,1,7,8
Avocognito1994,1,5,6
Encorcelor,1,57,58
NoPineapple8Pizza,2,1,3
SobeyHarker,1,6,7
polandballbounces,7,5,12
DoctorOfSpaceandTime,1,2,3
allialyd,2,1,3
brefromsc,1,2,3
redtwothree1,1,1,2
pbw,3,4,7
Avandegraund,1,3,4
thus_spoke_tyro,8,1,9
Vercitti,1,4,5
_ayushp_,5,2,7
lAStbaby6534,1,1,2
trying2moveon,1,11,12
AstorWinston,1,13,14
bennylope,1,1,2
magenta_placenta,1,3,4
Razaberry,4,1,5
RushNo4132,4,24,28
ananovanews,1,3,4
SuperChips11,1,14,15
danicriss,1,5,6
crawlspeed,1,1,2
globehater,3,3,6
Willenation,2,1,3
Knosis_Mystic,1,6,7
jcurie,1,16,17
shehehhehehaa,2,2,4
MarshallBrain,1,2,3
ianfinlay2000,1,5,6
JustAnotherYouth,1,28,29
oroechimaru,1,37,38
Suspicious_Cow_7383,1,11,12
BTC_is_waterproof,2,2,4
Yakmasterson,1,1,2
DayTrader_Dav,1,1,2
Unlucky_Web3199,1,14,15
Cloudyarabia,1,1,2
mlhnrca,2,4,6
Unemploymentassist,1,1,2
sdsanth,1,2,3
Siglave,3,4,7
Rust1n_Cohle,2,6,8
pitch0,2,1,3
crazyhorse991,3,2,5
rogerbore,1,2,3
BrookBanner,1,5,6
OisforOwesome,1,134,135
anreies-pretorius,1,9,10
alex4science,1,31,32
heep1r,1,16,17
Arcanegil,1,12,13
autoencoders,6,1,7
MichelleDL28,4,2,6
strongest-man,1,1,2
jeffweet,1,2,3
rickstevesFTW,2,1,3
MonkeyParadiso,2,15,17
Stocks_king,2,2,4
lilewalla,1,2,3
Circlejerksheep,1,21,22
babygrapes-oo,1,32,33
MiloMinderbinder-22,1,16,17
skedeebs,1,39,40
Ulricmag,1,2,3
athenris_mi,1,1,2
Samoja12,1,15,16
tjosborne,1,15,16
chrisnsalem,1,1,2
cyberpunk6066,15,9,24
Man-from-Hjelmdall,1,2,3
ralaba27,1,1,2
Head-Mathematician53,2,11,13
ial20,1,8,9
DrBillyHarford,1,3,4
Reafen,1,1,2
CannoliIntoPussy,1,1,2
muslimredneck,2,28,30
AnotherKindaBee,1,2,3
Hungry-Sentence-6722,1,17,18
Voyager102,2,8,10
manuelfraile,1,1,2
Raul_Endy,1,3,4
unswsydney,9,12,21
RobleyTheron,1,20,21
CeolSilver,1,1,2
Abject-Bowler1709,1,1,2
Shoddy-Motor,2,2,4
giuliomagnifico,73,3,76
much_successes,2,5,7
brightblueskies11,1,16,17
dietsodareallyworks,2,21,23
feloniousmonkx2,1,18,19
Gruituino,3,7,10
icelandichorsey,2,41,43
dsharp13,1,3,4
orange_bird_agency,1,1,2
philosking,1,2,3
yaykarin,3,24,27
DoctimusLime,1,6,7
FDuquesne,13,13,26
PhilipGreenbriar,1,3,4
spicyraman0315,1,1,2
Rancho233,1,1,2
Appropriate-Hunt-897,3,1,4
Sophus__,1,1,2
Banmealreadymods,1,2,3
Deathready,1,2,3
rnpowers,1,1,2
Voiceamerica,5,6,11
adioka,1,1,2
Maui96793,2,6,8
Reddeagonking,1,3,4
John-Sanzhez-AB,1,33,34
RosanaPalermo,1,3,4
elliottruzicka,2,9,11
halhag,1,2,3
OldEbb0,1,1,2
Flizo,1,2,3
CLWho83,1,4,5
Dalembert,4,5,9
vfx_ninjitsu,1,5,6
billjv,1,31,32
nullizygous,1,2,3
the-return-of-amir,1,1,2
slxxxpy,1,10,11
schweken,1,8,9
avodahcenter,3,1,4
peckarino_romano,1,34,35
TurretLauncher,7,7,14
landlord2213,32,30,62
OpenSustainability,1,1,2
jcc10680,1,4,5
lemur-stott,2,1,3
uqstudent567,1,11,12
ExcellentGuyYea,1,9,10
hooray4horus,1,6,7
mitchoz,2,3,5
bionic_elixir,1,1,2
Future_Fusion1,2,3,5
EcologySeminars,1,3,4
Guy_Incognito97,1,9,10
nickpolitic,1,49,50
NursetheCurse,1,2,3
Grundlage,1,2,3
hardy_and_free,1,6,7
philosophiesde,1,2,3
lekepeo,4,9,13
ElGorus,1,1,2
TriggurWarning,1,2,3
fulolaj,1,4,5
MichioBu,1,16,17
newsaggregate,5,22,27
TheWorldmind,1,7,8
AdorableAbility,10,1,11
Mmats,2,3,5
VitaminSpree,1,1,2
VermontZerg,1,38,39
qwertyqyle,1,8,9
kriptikconsult,3,1,4
EssoEssex,2,5,7
ANKI-MASTER,2,7,9
qbl500,1,3,4
Fair_Sale9999,1,1,2
Ill-Percentage-9651,1,4,5
NegEnergyTransformer,1,3,4
speedhounds,1,2,3
Givemeallyourtacos,3,6,9
BackpackerSlut,1,7,8
swrowe7804,3,7,10
mtruyens,1,1,2
gaubejavy,1,1,2
DMattin,4,4,8
Background-Net-4715,7,5,12
cschloegel11,2,5,7
InfinityScientist,9,10,19
Horus1179,1,2,3
CaVeRnOusDiscretion,1,1,2
HungryMako,1,2,3
papamamalpha2,1,3,4
Sajid_T_Chowdhury,1,5,6
NearbyManner8798,1,4,5
ProstJane,1,2,3
shaokim,1,3,4
penultimate_evil,1,5,6
TheArrow_2021,1,1,2
Perfectionict,1,1,2
Successful-Fun-5935,1,1,2
barrel_master,6,10,16
_hiddenscout,20,10,30
SpeedGamingNews,1,5,6
GreenGreenGains,1,2,3
beluis3d,3,2,5
Renxer0002,7,19,26
Konstruukt,1,2,3
insanisprimero,1,1,2
K1ngN0thing,1,7,8
Cthulhu_Likes_Cats,3,3,6
jayalammar,6,5,11
bethany_mcguire,5,3,8
Royal-Ad4376,1,1,2
maoparaiso,1,1,2
Timeliness420,1,1,2
alwayswishin,1,1,2
williams1753,1,6,7
nathan_thinks,1,1,2
SteveCalloway,1,1,2
fieryflamingfire,1,52,53
Ilyddnr,1,1,2
kc_______,1,14,15
Buster_Sword_Vii,1,24,25
krishna_t,2,3,5
FinneanCosgra,1,1,2
JordanSC5,3,1,4
ihadtoresignupdarn,1,14,15
sexybutterfly69,1,1,2
Retard_2028,1,1,2
swww2198,1,2,3
CryptoTrader1024,1,3,4
badoltaka,1,1,2
fizzapop,1,1,2
whria78,4,4,8
CaptinHavoc,1,1,2
akiinnibo,3,4,7
magdakitsune21,1,1,2
Johnclark38,1,10,11
LuckyCharms2000,1,4,5
inwaitoftomorrow,4,3,7
DesignerPilky,3,1,4
penis_malinis,1,3,4
Critical_Cursor,7,2,9
ruiz000s,4,1,5
Deep_Efficiency3797,2,5,7
chrisdab,1,1,2
Doinkus-spud,1,4,5
sunsetcitymushrooms,1,1,2
unspecifciedOwl,1,1,2
p_laederlappen,3,4,7
ButterAlmondCake,1,3,4
CharlesDarwini,1,2,3
jonbagnato,1,1,2
tacodung,1,1,2
deadlyklobber,1,2,3
spacehab,1,8,9
HighFlyer42000,1,1,2
InterruptingRaptor,1,2,3
Rd21Bn,1,4,5
Tyrannus_ignus,1,54,55
Renxer,1,3,4
Wide_Relation_8868,1,1,2
antonsantiago1997,1,1,2
voterosticon,1,6,7
CtoI_Singapore,3,1,4
Newhereeeeee,3,25,28
BohemianBella,2,1,3
Jlobee_stocktrdr,1,4,5
KroztaRhan,1,1,2
rampante19,2,1,3
DeathStarODavidBowie,1,1,2
Naturalist-Anarchist,2,3,5
dgj212,2,144,146
Powerpuff_Rangers,2,4,6
mastermindset,1,1,2
socialcircleguy,3,2,5
kwadoss,2,2,4
nickheiserman,1,3,4
moneyricky,1,2,3
EnvironmentalBend8,2,10,12
unspecial-effects,1,2,3
Striking-Space-5433,1,3,4
InformalWafer5,1,1,2
Render_Queue,1,1,2
Any-Relief-4567,1,4,5
oilgaseditor,4,2,6
albene,3,6,9
jessicawilliams06,3,3,6
JustJohn8,1,7,8
bloomberggovernment,1,3,4
smithsammuel5,2,3,5
AIIAIIA,2,4,6
HighMassParticle,1,1,2
slugator,1,2,3
fromage2323,1,1,2
Silent-Comfortable62,1,9,10
emerymerchantgroup,3,5,8
BigLet2492,1,5,6
corazonlove,1,1,2
throwaway01847747382,1,2,3
newsbeagle,10,3,13
Aaronlime,1,1,2
faadi90,3,2,5
bruins820,1,2,3
--ddiibb--,1,12,13
qqqqquinnnnn,1,1,2
geek1919,2,2,4
Original-Ad-4855,3,8,11
tsarnick,2,2,4
NiccoloMarketing,3,1,4
Producedinchina,1,1,2
ilikestartups,1,7,8
Adept-Set-6741,23,2,25
BelgianPolitics,1,1,2
quaintSloe,1,11,12
Archeus01,1,2,3
okisee,1,1,2
great_healthy_cook,1,73,74
Additional-Two-7312,4,2,6
vwb2022,2,36,38
ryan_s007,1,8,9
Atmaero3,1,1,2
aocurtis,1,5,6
yeah_i_am_new_here,1,8,9
czk_21,2,150,152
Homegrownscientist,1,4,5
blarferoni,1,1,2
DieEverydayToLive,2,2,4
ThinkerCoffee,2,6,8
samandpeykan,1,1,2
SaltyPrinciple,1,1,2
rholygreens,1,1,2
st11es,1,2,3
thomashearts,2,12,14
Lykos23,1,5,6
Avushe,2,4,6
mini_van_hipster,1,1,2
n035,5,2,7
avocadoface88,1,2,3
hunnihundert,2,3,5
WassiChain,1,4,5
Arigamon,1,2,3
eastern_mountains,1,2,3
genoux15,1,3,4
SPRUNTastic,1,3,4
natradalie,2,1,3
Aged_Well,1,2,3
gr9or3x,3,3,6
Exynth1a,1,1,2
Ayushi_05,3,1,4
nacorom,4,4,8
cyberfugue,2,4,6
Banjo_bit_me,1,2,3
GrueneBuche,1,1,2
blackvault,2,2,4
CaptainRelyk,1,1,2
poozemusings,1,11,12
freelinefrostyy,1,1,2
ReverseGarfield,2,2,4
jeffhuang,1,2,3
INTP-1,1,6,7
lastdarknight,1,1,2
Questioned_answers,2,2,4
berokina,1,1,2
zerton,1,1,2
crosspostninja,1,1,2
MrBootsie,1,15,16
RisenSnake,1,1,2
BBQ_Cake,1,2,3
AIConnoisseur,1,2,3
icebabey,1,1,2
mjrossman,2,24,26
Supersamtheredditman,1,5,6
Techugoltd,4,7,11
MrGammelobst,1,1,2
krispybaecn,1,3,4
Astrology_News,3,5,8
Unfair_Low_6916,1,2,3
Cadence1994,1,1,2
juliagraham4,1,1,2
nopalesyqueso,1,2,3
And_yet_here_we_are,2,11,13
username_mine_is,1,1,2
llmercll,1,10,11
latelier_bnp_paribas,1,13,14
SeaWolfMocha,1,1,2
Almagest910,1,1,2
Fluid-News,1,2,3
composercaleb,1,3,4
Fidlo,1,5,6
MadcowD,1,10,11
Brief_Ad_1489,1,2,3
squirrelsandcocaine2,1,5,6
BernieEcclestoned,8,68,76
Ganymede2400,2,2,4
gonzo1483,1,6,7
bigmuff13,1,1,2
Infinite_Addition_43,1,1,2
LS5645,1,13,14
Jack_12221,1,1,2
AlertTangerine,1,1,2
CaffeinatedToPlaid,1,1,2
CatnipJ,2,4,6
payle_knite,2,12,14
eratonnn,1,6,7
iingot,2,3,5
calement,1,1,2
liquidOCELOTY-T,2,1,3
MaceKiller,1,3,4
pintobakedbeans,1,3,4
Brox_Rocks,1,1,2
SciurusAtreus,1,7,8
JimJimmyJamesJimbo,1,4,5
liquidocelotYT,3,2,5
Specialist_Will9067,1,2,3
bill_lajoie_ck,1,1,2
Anxious-Sundae-1803,1,1,2
Melodistro,1,2,3
1216RosellaDr,1,3,4
rimzyy,1,1,2
BroadButterfly1,1,2,3
RonFrambuesas,1,1,2
d-williams,2,1,3
DeathBlaize666,6,6,12
Vandius,2,1,3
FizzyP0p,3,1,4
Aupuma,1,1,2
sittravell,1,1,2
BitCharacter1951,3,4,7
Sorortos,3,3,6
A_War_00,1,3,4
Best_Fold_2554,2,2,4
forestpunk,1,3,4
xombie25,1,4,5
vexir,1,1,2
Mister_Pibbs,2,6,8
SirLoinPorkchop,1,2,3
bklynsnow,1,2,3
Now_then_here_there,1,3,4
Keanuwu_,1,2,3
chonker200,5,3,8
tinkerwalsh,1,2,3
paprikashake,1,1,2
liebackfuckk,1,1,2
QuickOliveSpring,1,18,19
Own_Resort9915,1,2,3
mega_lova_nia,1,1,2
frameworkgenerous,1,1,2
General-Legoshi,1,2,3
call_me_captcha,2,1,3
TheSurfKid,1,1,2
mojoegojoe,1,23,24
pkd1982,1,5,6
charles_david1600,2,2,4
naturallayout,4,2,6
bryndzove_halusky,1,1,2
alxd_org,2,2,4
TimDaub,2,2,4
Piklikl,1,1,2
ReExperienceUrSenses,1,27,28
rugbyvolcano,2,6,8
Prestigious_Cookie68,2,1,3
JesseRodOfficial,1,4,5
ComfortableIntern218,1,20,21
Cosmic_Ray_Bit_Flip,4,8,12
greghickey5,2,2,4
PrinceObsidian,1,3,4
nikesh96,22,19,41
LiDePa,1,4,5
Absolutelynobody54,3,2,5
shelzmike,1,1,2
meta-materialist,1,3,4
Ludwik2006,1,9,10
AffectionateSearch69,1,1,2
LordSaladz,1,9,10
superuser224,1,1,2
dog6326,2,3,5
Disastrous--Nature,1,2,3
Jazzlike_Quality_691,1,8,9
MidMessFair,2,1,3
adam-webb,1,1,2
Claymationdude07,1,2,3
Helleva,1,1,2
Allotyrannus,2,2,4
cauIkasian,1,1,2
smoothtables,12,1,13
ap3fish,1,1,2
Mrnrwoody,1,1,2
EasyAn,1,3,4
PressTab123,2,3,5
Art_is_it,2,15,17
Riiiiiiiiiiicks,1,1,2
Science-buff2019,3,2,5
Nocrotchfruit6mepls,1,1,2
47kusama,2,1,3
IronNand,1,1,2
mabond,1,1,2
-manbabe,1,1,2
StormRider989,5,4,9
Dilicidum,2,1,3
Woke_Soul,2,2,4
norcalnatv,1,2,3
Warriohuma,1,4,5
United_Perception299,1,4,5
fikeyolbird,1,9,10
BurningZoodle,1,1,2
kvothekevin,1,3,4
ReddishHornet47,1,1,2
LINKB18,1,1,2
marvelatwayne96,1,1,2
hillarioushillary,1,4,5
Dinozoiks,1,1,2
CringeMeisterJr,1,1,2
jedwhite,1,1,2
Representative-Job23,1,1,2
gasam71,1,1,2
ejmajor,1,1,2
violin_evergarden,1,1,2
mnaa1,1,1,2
MrQualtrough,1,1,2
BalambKnightClub,1,3,4
Sheer_disbelief,1,1,2
Xaadus,1,5,6
agustin-vaquero,4,1,5
UnionPacifik,1,6,7
bobho3,1,1,2
Sub7,2,7,9
New-Shop-7539,3,42,45
Beginning-Panic188,9,24,33
warkel,2,14,16
manu282006,1,1,2
BubbaRWnB,1,1,2
energybeans,1,4,5
PotatoHead010,2,3,5
neuthral,1,2,3
Josh12345_,2,20,22
PJBoyle,1,4,5
ROOLDI,1,1,2
blind_trooper,2,3,5
berthings-shed,1,1,2
smswigart,6,10,16
ErnestlyFreaky,1,2,3
Andrewcraig9,1,1,2
hibott77,1,2,3
maybeits_maybelline,1,2,3
Fun_Conclusion3663,1,1,2
feed_meknowledge,1,3,4
Dadadiraj,1,1,2
tsunamisweetpotato,1,1,2
Zek0ri,1,1,2
AutomaticFig2481,1,1,2
MarkSlapinski,1,1,2
28_points,1,2,3
lesbian-beekeeper,1,1,2
Not_Normal2968,1,2,3
th3r3alwis3r,1,1,2
Physical-Bother2399,1,2,3
diggitydata,1,2,3
kazisalim,3,2,5
haganandrew,2,3,5
ReviewInformations,2,1,3
The-PennyInvestor,2,1,3
rasen9an,1,1,2
--YourNameHere--,1,1,2
ThisLexx,1,2,3
timemagazine,1,1,2
Professional-Noise80,1,5,6
shobijatoi19,1,1,2
unclefishbits,1,1,2
mrburnwal,1,3,4
johnkoubeck,2,2,4
VicVinegarNSF,1,2,3
kakazao3,1,1,2
ThinkingGoldfish,2,9,11
thebestmtgplayer,1,8,9
Ok_Criticism_1414,10,2,12
Always_Intuitive,2,2,4
SabrineYasmine,1,1,2
LDWoodworth,1,3,4
Workerhard62,3,32,35
Irate_Librarian1503,1,8,9
kabarcryoprecipi,3,1,4
iOmkarBirje,1,2,3
rhysnomer,1,1,2
wenttoofar,1,1,2
My_redditaccount657,1,2,3
theboogeyman__,1,1,2
RushingRobotics_com,3,8,11
fortin1984,1,9,10
BackgroundResult,2,1,3
idler_JP,1,1,2
blekautaw,2,8,10
ArticleAmazing3446,2,2,4
Aggravating-Ad3538,6,1,7
uravgbf,1,1,2
yotroz,2,1,3
Affectionate_Piano35,1,1,2
gvaishno,1,9,10
Guitar_and_Piano_Man,1,3,4
xiaxk,1,1,2
altpropulsion,1,1,2
Dave86ch,2,4,6
Virtual-Study-Campus,1,4,5
an00au,1,1,2
Ok-Prior-8856,1,1,2
Melodic-Work7436,2,2,4
Dutchleek,2,5,7
StatisticianFuzzy327,1,8,9
ayebusaeu,1,5,6
itsallbullshityo,2,2,4
Singlewombat,1,1,2
johnsmithbonds8,1,6,7
Substantial_Foot_121,2,1,3
_VegasTWinButton_,1,1,2
iaxeuanswerme,7,2,9
BeNiceToYerMom,1,1,2
Destructor1701,1,1,2
satherinee,1,1,2
Pegafree,1,1,2
Spork-y,1,1,2
Strict_DM_62,1,1,2
Orangutan,6,1,7
gods_Lazy_Eye,1,7,8
lebannax,1,11,12
banaca4,1,3,4
lukesta5,1,1,2
J0E_Blow,1,12,13
rretaemer1,1,7,8
officer_rupert,1,20,21
Express_Turn_5489,6,4,10
kjwhimsical-91,2,1,3
account1237890,1,2,3
BaladiDogGames,1,1,2
commonman02,2,1,3
Psycletosteuj,2,2,4
anflop_flopnor,1,1,2
Curmudgeon160,1,1,2
bunglejeno1,1,3,4
milkweed1955,1,1,2
t0biasnash,1,1,2
bigzyg33k,1,4,5
stewofkc,3,1,4
adarock,2,1,3
Knightwingx23,1,4,5
Zealousideal-Sky-973,1,2,3
FishMahBot,1,1,2
Louiswxd2,1,5,6
HandsforBricks,1,1,2
earth_2_bella,2,1,3
annaksig,1,1,2
andyhaft,1,1,2
ragefacesmirk,1,1,2
2farzzz,1,1,2
dxiri,1,1,2
Acceptable-Sand-8011,1,1,2
FloppyDX,1,1,2
Hot-Pea1271,1,2,3
econoscar,1,3,4
thegreatestpretender,1,1,2
mundodiplomat,1,7,8
UHBruhStudent,1,2,3
TOMATO_ON_URANUS,1,1,2
dangtheory,1,9,10
doublevsn,2,1,3
Crazy-News59,1,2,3
mvila,1,3,4
drippyneon,2,4,6
TravelnGoldendoodle,1,1,2
Royal-Recognition493,1,1,2
Arbaz101,1,1,2
auglon,1,1,2
Demoralizer13243,2,1,3
Dolphinetly,1,1,2
Squidsoda,1,1,2
Wise-Listen-8076,1,6,7
SantoshiEspada,1,6,7
PlayerofLifeandGames,1,2,3
Meta-Stark,1,2,3
Wise_Description_822,1,1,2
MinhQ1,1,1,2
plantsnlionstho,1,2,3
ThanksElon,1,2,3
EmulateEverything,2,1,3
tattva,1,1,2
im_not_creative_99,1,1,2
CBSnews,1,1,2
perpetual_C000009A,1,1,2
The_Pharmak0n,1,1,2
dookiea,1,1,2
kxavq,1,1,2
betonhaus123,1,1,2
Lotr29,1,1,2
darth_vidhur,1,2,3
Pichels,1,2,3
TechnoThinkAI,1,1,2
undefined2937,1,1,2
SarahLiora,1,1,2
Agreeable-Mechanic16,1,1,2
Dependent-Pie2981,1,1,2
Fire-Wizard,1,1,2
universal-hydrogen,2,2,4
imaginethisworld,1,1,2
Optimal_Rough_947,1,2,3
JannTosh17,1,1,2
ItsameaLuiggi,1,1,2
Early_Entertainer290,1,2,3
webmanpt,1,1,2
rktscntst,1,1,2
hussmann,10,2,12
Devz0r,2,1,3
Antique-Ad-6055,1,3,4
sputterbutter99,1,1,2
CNoodle,2,2,4
Huge-Process4313,1,1,2
karikakar09,1,1,2
0xMarklar,2,1,3
natewis,1,1,2
abbbhjtt,1,1,2
princesse77rq,1,1,2
SuitableWestern3066,1,1,2
AboveAllKings,1,1,2
Prince_Shepherd,1,1,2
anarmyofJuan305,1,1,2
arch3ra,1,2,3
GamingWithAati,1,1,2
Repeat-or,1,1,2
OmegaConstant,1,1,2
Damanjain,2,1,3
yh5203,1,1,2
Parking_Attitude_519,2,1,3
tieyz,1,4,5
shivani74829,1,1,2
LogicalRiver,2,1,3
Numismatists,1,155,156
spalza,1,32,33
WalterWoodiaz,3,255,258
HenryfromCC,1,13,14
commandersprocket,2,90,92
pestdantic,2,32,34
throwawayamd14,5,176,181
izumi3682,1146,1522,2668
Progressiveandfiscal,1,13,14
timbe3,3,114,117
w-star76,3,40,43
TheZimmerian,2,245,247
Ftdffdfdrdd,1,424,425
Plane_Crab_8623,6,103,109
fungussa,8,600,608
kernals12,392,1867,2259
sexyloser1128,4,141,145
ConfirmedCynic,2,719,721
PMFSCV,2,85,87
ErstwhileAdranos,1,18,19
fotogneric,21,28,49
help-me-grow,2,15,17
Bismar7,1,100,101
Vaudane,1,30,31
Iwanttolink,1,61,62
Fonzie1225,1,130,131
farticustheelder,3,881,884
Express_Hyena,23,41,64
fwubglubbel,2,652,654
OutOfBananaException,1,481,482
dannyggwp,1,13,14
Splenda,14,194,208
thorium43,115,551,666
AcidHue,1,10,11
civilrunner,1,228,229
Shot-Job-8841,1,369,370
Papancasudani,1,201,202
WesternMinimum6407,1,2,3
imnos,1,264,265
gordonjames62,2,112,114
ElectrikDonuts,3,509,512
Apart_Shock,29,83,112
Accelerator231,2,99,101
StoicOptom,46,363,409
Masspoint,5,96,101
carrotcypher,1,16,17
SignalDawg,1,13,14
Aandalphaage,1,8,9
tiff_seattle,2,5,7
Sayl02,3,7,10
ChargersPalkia,14,224,238
baronmunchausen2000,1,6,7
Pillokas,1,6,7
StarChild413,1,2634,2635
Koda_20,1,379,380
OriginalCompetitive,2,1766,1768
Wise-Function653,3,11,14
skoalbrother,2,9,11
statto,2,12,14
OXIOXIOXI,2,119,121
Memetic1,121,330,451
zeekaran,1,58,59
Alaishana,13,402,415
WalgettCz,1,5,6
FurettoComunista,6,6,12
vyersoft,4,1,5
MarcusOrlyius,1,161,162
Querch,14,52,66
Fragrant-Way-9720,1,57,58
lightscameracrafty,1,209,210
Crazy_Mirror_3158,3,2,5
commentator9876,1,12,13
ammarfitwalla,1,2,3
vitalytennant,1,1,2
Jonnymoderation,8,51,59
Almighty_Sand_Dollar,1,59,60
SyntheticAperture,1,112,113
AvatarIII,1,120,121
scolfin,11,214,225
LastSprinkles,1,46,47
canadian_air,1,40,41
phamnhuhiendr95,1,14,15
JoeTheChandler,1,6,7
Dudeman61,1,1,2
naossoan,1,128,129
victornielsendane,1,34,35
gnoxy,1,184,185
Oraxy51,1,116,117
Vucea,47,48,95
esprit-de-lescalier,20,329,349
IAM_Deafharp_AMA,1,6,7
NomadFire,3,22,25
ElonMuskWellEndowed,1,32,33
Kradek501,1,37,38
itrex_,3,2,5
JoelBlackout,3,34,37
NineteenSkylines,18,543,561
Citizen_Shane,1,8,9
Dheorl,2,219,221
theAwesomestLurker,34,116,150
trakk3,9,97,106
Rurhanograthul,19,126,145
stesch,2,24,26
19dja_03,1,13,14
r090820,2,15,17
doboskombaya,1,35,36
lumpkin2013,3,14,17
ZenoArrow,2,25,27
forestfudge,10,141,151
surfintheinternetz,1,39,40
BootHead007,1,64,65
AptitudeSky,2,24,26
No-Presentation1669,15,45,60
r6siegefanboy00223,2,2,4
azlstublieft021167,1,15,16
Kurzwhile,1,2,3
jtt_harley,2,38,40
Asleep_Macaron_5153,1,10,11
grumpyfrench,1,31,32
ItsLaterThanYouKnow,1,4,5
p3opl3,8,82,90
fireflydrake,1,121,122
oneplusetoipi,1,7,8
Jamessuperfun,2,60,62
V2O5,22,119,141
random_encounters42,1,29,30
comprendo,1,15,16
c0mm0ns3ns3,2,4,6
Juggernaut_Due,2,31,33
spreadlove5683,3,153,156
PandorasBrain,3,4,7
ChromeGhost,5,203,208
maccasgate1997,1,21,22
PastTense1,1,65,66
Nathan_RH,1,20,21
OrangeAdventure,1,45,46
Nussy5,1,11,12
TakeCareOfYourM0ther,1,39,40
sciencewarrior,2,8,10
hopeitwillgetbetter,6,24,30
iamapizza,1,8,9
Valuable_Pop_7137,1,27,28
Marha01,1,56,57
gunbladerq,1,30,31
E_Kristalin,1,45,46
Fear_ltself,1,27,28
whatsthis1901,1,5,6
starmanjones101,1,8,9
thedailybeast,16,16,32
OhFuckThatWasDumb,1,6,7
OnwardsBackwards,1,20,21
ahmadreza777,3,14,17
Nomad47,1,5,6
celticxcross,5,30,35
mnocket,1,52,53
ExarKuunt,1,1,2
DecentlyWorse,1,139,140
Riversntallbuildings,7,353,360
RelevantWisdom,5,22,27
boltzmann__brain,2,2,4
Jakeypoos,3,19,22
Yogurt789,34,47,81
Greg-2012,5,56,61
NovaBlazer,1,10,11
PhilDesenex,3,2,5
SymbioticSoliloquy,1,1,2
perestroika-pw,1,69,70
Alexander_Selkirk,1,6,7
Conscious-Platypus19,1,13,14
jafari-,4,27,31
Azsu,1,20,21
bel2man,1,55,56
Confident-Butterfly1,2,8,10
aquagiraffe-,1,1,2
wjfox2009,1,44,45
bob_isgood,1,3,4
ptword,1,32,33
bebena,1,7,8
SuperNewk,1,155,156
ChunkofWhat,2,48,50
Tabodo,12,37,49
neo101b,1,123,124
wubomber,1,3,4
lleonard188,11,39,50
thatswhatyougot,37,150,187
GiacomoBottoli,1,3,4
t0pd0g42O,2,8,10
Hot_Advance3592,1,50,51
Bara345,13,1,14
SpatialComputing,4,3,7
CellularAgMod,3,1,4
FreedomBoners,6,26,32
NitroLada,1,27,28
MilkshakeBoy78,1,376,377
Ransacky,1,7,8
SerenePerception,1,118,119
Novarest,2,163,165
ChiaraStellata,1,68,69
drunken_monkeys,3,7,10
futureofsexdotnet,1,5,6
kanna172014,3,41,44
doctorjazz_,1,7,8
PsychologicalBike,1,10,11
Danktizzle,1,115,116
kainatsodone,1,4,5
CrookedGrin78,1,18,19
_Desolation_-_Row_,1,50,51
JuhpPug,8,29,37
sir_lainelot,1,44,45
ConcreteDrillingSuck,1,7,8
Sean_Grant,8,31,39
charismatic_carcass,1,17,18
axl3ros3,1,7,8
Chevy333,1,1,2
gamamal,1,2,3
Ramen_Hair,1,9,10
Unclerojelio,1,3,4
Wiskkey,2,25,27
Solar_Cycle,1,42,43
ragnarokfps,1,10,11
Prestigious-Fly4248,1,2,3
Tutorbin76,3,89,92
Nathan96762,3,5,8
floor_sauce,1,12,13
Falzon03,3,62,65
ThiccBidoof,1,30,31
jadrad,1,239,240
SirLanceQuiteABit,1,7,8
canadian_webdev,1,12,13
monkeywhaler,3,19,22
jacky986,4,3,7
rxrx,1,5,6
PolarThoughts02,1,2,3
glhope,1,16,17
420Redsnow,1,4,5
jorgenalm,6,8,14
abdelhamidem,1,1,2
farfromhome2020,1,1,2
commentist,2,24,26
branden-branden,1,14,15
Doktor_Earrape,1,188,189
Aerothermal,12,72,84
TheBigFishyFish,1,2,3
Redditghostaccount,1,4,5
AdmiralKurita,11,105,116
ffs_fun,2,5,7
Enano_reefer,1,73,74
Defiant_Race_7544,59,91,150
realgagneWJ,2,1,3
onlyfans_seraphine,2,8,10
McNastte,1,22,23
RandomDigitalSponge,2,40,42
Shoto_todoroki27,1,1,2
thenewyorkgod,1,43,44
Embarrassed-Mouse-49,1,3,4
fappism,1,16,17
hunterseeker1,4,79,83
risottosimp3000,1,3,4
cwood1973,1,9,10
Stack3,1,9,10
Fuzzers,1,58,59
SonicSnowdog1,2,5,7
JohnSith,3,25,28
TX908,5,5,10
mrcanard,1,6,7
Obelix13,1,26,27
erickmh1108,1,4,5
CatAtAScreen,1,1,2
M337ING,1,28,29
Sudanamaru,1,3,4
Linux_Life,1,2,3
indieannabones,1,6,7
NewAmericanConsensus,1,1,2
EOlson76,6,11,17
DriftingKing,1,25,26
redsky31415,1,5,6
I_AM_FERROUS_MAN,1,71,72
sfsolarboy,9,71,80
Onlymediumsteak,2,72,74
Dangerous_Pervert,1,22,23
SaltedCaffeine,1,5,6
dehehn,3,83,86
AdHumble325,1,29,30
ButterflyForeign949,1,8,9
BAbare21,10,12,22
Patron876,1,9,10
hehepoopedmepants,2,9,11
Different_Entry_5950,3,1,4
_ConstantFlux_,1,3,4
jobhelperapp,4,1,5
Summitjunky,2,12,14
DBeumont,1,42,43
mojito2,1,4,5
C0PPER13,3,46,49
First-Element,3,2,5
jumpster81,1,18,19
ConcertExciting952,1,13,14
stoter,2,2,4
Nearing_retirement,1,16,17
mariamaria1432,1,1,2
anders_kitson,1,4,5
shofmon88,1,13,14
legitimatebimbo,1,5,6
mishasova,2,1,3
ramdom-ink,1,105,106
fkmodidts,1,1,2
CodsworthsPP,1,7,8
alimehdi242,2,2,4
Vulknut,1,5,6
CaptainSaucyPants,1,15,16
subheight640,3,9,12
gHeadphone,1,2,3
Tech-Genius-780,2,16,18
Vexel180,1,3,4
kideternal,1,6,7
SpaceDiver-23,1,1,2
EnvironmentalMap5,5,1,6
STUPIDITY_COUNTDOWN,1,13,14
Southern-Trip-1102,1,445,446
fbdysurfer,1,17,18
rixtil41,3,185,188
Toni253,7,19,26
The_Bridge_Imperium,1,44,45
notevenstarcrossed,1,13,14
LazyHater,1,7,8
nekollx,1,120,121
123456American,1,53,54
LordLordylordMcLord,1,27,28
paul_swimmer,1,6,7
MT_Flesch,1,34,35
pecika,2,1,3
cgknight1,1,49,50
thegreatreterd,1,1,2
ValAslanyan,1,2,3
nowayfound,3,6,9
SexyDoorDasherDude,1,24,25
maffikins,15,16,31
Tnuvu,2,133,135
AMAFSH,3,16,19
nincompoopenmeyer,1,3,4
rsallejr,1,7,8
Dylan-Baddour,2,6,8
dangler001,1,16,17
pintord,1,9,10
Far-Eagle1497,1,3,4
Strict_Cup_8379,1,6,7
ParsifalTheSearcher,1,18,19
jbleland,4,14,18
GasManJ24,1,1,2
TIFUstorytime,1,11,12
AnnalieseWhorton,2,2,4
Gimbloy,1,6,7
jugalator,1,37,38
Scytle,1,149,150
UnifiedQuantumField,2,118,120
spiritoffff,13,24,37
czapatka,1,2,3
benzino1100,1,15,16
Voyage_of_Roadkill,3,22,25
Chaldon,1,5,6
chromosomalcrossover,1,5,6
ForHidingSquirrels,66,384,450
respected_mercenary,1,9,10
marcandreewolf,4,22,26
Hatefuledict,8,27,35
Upset-Magazine7355,1,2,3
universoman,1,18,19
thosetusks,1,1,2
Zuazzer,1,31,32
addison_guy,4,7,11
idekwhatidk,1,3,4
ahivarn,3,58,61
obligatorysmile,1,4,5
Educational_Sector98,6,11,17
Kubrick_Fan,1,1,2
joyloveroot,1,61,62
EnergyTransitionNews,15,16,31
Alias_The_J,3,60,63
RedPandaKoala,1,1,2
JollyGreenJarju,7,6,13
mehneni,1,37,38
Lenant,1,39,40
gymnosophyplag,2,4,6
Minimenema,1,4,5
iboughtarock,6,13,19
SoundxVisionio,1,1,2
wb19081908,1,19,20
gallopo,1,1,2
mlep1,1,2,3
dja_ra,1,20,21
Diligent_Sympathy_80,1,5,6
bayashad,4,4,8
Reddit_pseudonym,1,6,7
LongshanksAragon,1,3,4
nasa,3,79,82
LeChuck5000,2,3,5
BlackTiger555,1,19,20
ThatOneF1,1,1,2
yoni_eth,19,12,31
impishrat,3,5,8
MarkRyall,1,1,2
wdanilo,2,2,4
n0tt0f4r0ff,1,1,2
Psychomadeye,1,333,334
Chemgineered,1,6,7
nmurmru,2,1,3
True-Mix7561,4,7,11
KingStannisForever,1,30,31
V0rtexGames,3,12,15
AREssshhhk,1,156,157
tito333,1,2,3
matpompili,1,19,20
M0RALVigilance,1,3,4
treditor13,4,29,33
ardouronerous,2,3,5
huaxiaman,1,2,3
BiFrostBridgeStudios,1,2,3
AlexanderDenorius,3,1,4
chrisjd,1,8,9
38384,1,7,8
Magic-Fabric,10,22,32
Suuperdad,1,28,29
trvsgrant,3,32,35
Chrisk32,8,6,14
TcBeckman,1,1,2
Night_Sky_Watcher,1,11,12
NadiyaJeba,6,6,12
Dramatic-Ad2098,1,46,47
technofuture8,5,142,147
filisterr,1,1,2
Positive_Pangolin969,1,3,4
likeanastro,2,1,3
lazywizard99,4,4,8
L_Cranston_Shadow,3,23,26
wart365,4,6,10
3y3sho7,2,52,54
smallswedishlad,1,1,2
jnorly123,1,13,14
OhNoItsCancer,1,3,4
T-A-Wycoff,5,54,59
MrBojangles09,1,9,10
Rofel_Wodring,1,422,423
Far_Mathematici,1,4,5
Gax63,2,16,18
daichisakane,1,3,4
SanctimoniousApe,1,7,8
Zanythings,1,18,19
VRstuff,1,3,4
cesifoti,1,1,2
HumanSeeing,7,40,47
TheBerkay,1,2,3
Commodore256,2,10,12
photoncatcher,1,4,5
raptorfanboi,1,1,2
WestEst101,13,22,35
PipingHotSoup,3,9,12
johnmflores,1,6,7
terra-nullius,1,4,5
okegokegokeg,1,1,2
NotfWorkingForPutin,1,6,7
Yaabriui,2,4,6
Common_Aspect,1,2,3
RedYellowOrangeGreen,1,16,17
_100_,1,2,3
Independent-Winter92,1,15,16
MeetTheFlintstonks,1,22,23
axetobe_ML,2,1,3
INTPbolshevik,1,5,6
PocktCalculator,1,4,5
zentaylor,1,5,6
Edensired,1,6,7
DampCloth420,1,1,2
veriguds,1,9,10
IceRobot1811,2,50,52
kassoskar,1,1,2
LiquidZebra,1,6,7
grexwex,2,2,4
JooosephNthomas,1,20,21
JuniperLiaison,1,11,12
Zirius_Sadfaces,2,4,6
parkmastah3000,1,2,3
summertime_taco,1,24,25
terpin,2,18,20
Rindill,1,3,4
NMNofficial,1,1,2
circular_file,1,19,20
gropethegoat,1,12,13
gabrielilorca,1,1,2
wondersofuniverse314,1,1,2
Tamagotchi41,1,20,21
PeteWenzel,1,41,42
LettucePrime,1,12,13
A3485,3,14,17
tonymmorley,65,192,257
Shelfrock77,17,59,76
PositivelyIndecent,1,8,9
Technical_Flamingo54,14,27,41
ImOnYourScreen,1,1,2
xvxMisterJae,1,2,3
diverdriver,1,1,2
King2Queen,1,2,3
chriswhoppers,2,23,25
TheWarOnEntropy,1,10,11
Alehti,6,87,93
Impressive-Intern175,1,9,10
IAmAnAnonymousCoward,1,3,4
epicboy75,1,6,7
trancephorm,1,2,3
Sarujji,1,7,8
CLAR-KEY,1,13,14
LtFourVaginas,1,1,2
funkdified,2,2,4
temp_alt_2,2,7,9
CapableTangelo1970,3,7,10
signersinger10,3,63,66
ViduraDananjaya,3,1,4
No_Way_7193,3,1,4
apriorian,5,4,9
RedditModsAreAPlague,1,3,4
samueltate,1,1,2
NicJamCo,1,10,11
Good_Force1844,1,11,12
nekmint,1,5,6
guru8877,14,14,28
jaykayess,2,1,3
Dar624111,3,4,7
AdminPen393,1,2,3
DoNextUntilDone,1,19,20
10tothe24,1,47,48
cosmosfan2,2,5,7
hockeydude5122,1,1,2
grepnork,1,3,4
MarshyBarsh,5,3,8
kamenpb,3,6,9
thosecrazygermans,1,23,24
whacim,1,2,3
4fraid0f4mericans,2,2,4
felinebeeline,1,38,39
ccnegus,1,1,2
Hot_Introduction_194,1,4,5
Bobbox1980,5,41,46
Strange_Tell_8508,1,9,10
zatherine12,1,2,3
aneskb,8,11,19
privacyparachute,1,3,4
Gopokes91,1,24,25
SupPandaHugger,2,21,23
straylittlelambs,1,3,4
S3curityPlu5,1,1,2
sidianmsjones,1,3,4
romanstrommen,1,3,4
TechGuyGuru,1,13,14
Confident_Bison_7375,6,9,15
whatsapp0336,3,2,5
f1sh98,4,3,7
zabaci,1,10,11
1080krld,6,5,11
tsboi77,1,2,3
albemala,2,7,9
wordword,1,1,2
platformenterprise,2,3,5
Kleshchuuu,4,11,15
nunya_business0000,1,12,13
Crimson_Carp748,1,6,7
Izajaszdf,4,8,12
Willitical_On_Utube,2,13,15
iamhipster,8,7,15
Mrk2d,2,2,4
TheScienceAdvocate,2,3,5
tester25386,1,4,5
TheMadGraveWoman,2,16,18
williampepera,6,4,10
Galactus_Jones762,5,66,71
px403,2,6,8
capta1n_sarcasm,1,1,2
my941,1,2,3
goronmask,1,6,7
Doo-dah_man,2,6,8
EmphasisDependent,1,12,13
eggmaker,1,3,4
Antrikshy,1,6,7
TheMexicanJuan,1,1,2
Ac01001101,1,2,3
mookiebomber,2,2,4
Never_Ending_999,2,14,16
ElfrMrgor,5,1,6
Tex_Steel,1,14,15
i_hate_you_and_you,1,2,3
designer1one,1,2,3
herdarkdeath,1,5,6
atrium5200,1,2,3
healthandwealthgen,5,3,8
Weekly-Ad-7719,1,5,6
diapasonconsulting,2,2,4
CCDemille,3,5,8
multielectrode,2,3,5
lightninhopkins,1,5,6
SharingAndCaring365,1,2,3
gg2ezpzlemonsqz,1,1,2
4ust1n0-,1,1,2
MuskFeynman,1,1,2
songstar13,1,17,18
ThatsAFineHowDoYouDo,2,2,4
BlindMidget_,1,7,8
notorignalusername,1,6,7
Aragawaith,1,2,3
richardanaya,1,2,3
theredwoodfox,1,1,2
johnkoetsier,12,6,18
grab-n-g0,5,40,45
atlhart,1,7,8
jovianvibes,1,4,5
InvaderZimbo,2,9,11
Front-Thing-5921,2,1,3
JoseTwitterFan,2,1,3
brokenfl,1,10,11
Angrymice22,3,3,6
Silverseren,1,15,16
PxN13,2,3,5
Skurgedelm,1,5,6
Mothmatic,2,2,4
AdamJefferson,1,3,4
Mainlyhappy,1,1,2
n_plus_1_bikes,1,5,6
cloud_weather,4,1,5
ReyAlejandro21,1,3,4
abigail_r28,3,3,6
promieniowanie,1,3,4
GrayArea__,1,1,2
VINT_Consult,4,1,5
lonnib,1,1,2
Interesting-Light786,2,2,4
thecarmenator,16,32,48
Much_Protection_9850,1,3,4
youshazaidi104,1,1,2
ComprehensiveWater3,24,1,25
ScorseseTheGoat86,1,7,8
KnowledgeisImpotence,1,9,10
Nashtark,1,3,4
hollowhero_,1,8,9
ryansdsu391,1,4,5
SuperDry_Accident,1,1,2
antaloaalonso,1,1,2
Aidanbutler062,20,3,23
Responsible-Act-9339,1,3,4
samsarainfinity,1,16,17
LeadingStatement6079,2,5,7
CalvinSays,1,6,7
ThatLukeUrban,1,1,2
TJline123,1,2,3
Wellfuck101,1,11,12
FinalBoss007,1,15,16
Homo-Sacer-,1,21,22
iTieRoomsTogether,1,2,3
r4816,2,1,3
Just-Law6200,3,2,5
CarbonCopier22,1,3,4
superhumansoul,1,1,2
Dave_Odd,1,3,4
Red7336,1,61,62
dustofoblivion123,40,8,48
quixotic_cynic,5,17,22
LengthinessNo3537,3,1,4
streetburner,1,4,5
common_crow,1,1,2
hapliniste,1,24,25
threewattledbellbird,7,4,11
Meeeeeenai,4,6,10
opinion_crypto,2,2,4
pilot2031,1,8,9
RichieGusto,1,3,4
TonerLegend,1,5,6
dimarh,1,6,7
fattynuggetz,1,25,26
Tokkertim,3,1,4
DogeOfMainStreet,2,1,3
techlover44,3,1,4
Zealousideal_Target,2,5,7
hello_world_again,1,1,2
DARKSOULS103,2,4,6
JediDP,1,8,9
overnightwins,1,5,6
CharlieRunners,7,20,27
flamingbond007,2,5,7
According-Suspect445,1,1,2
Aquillyne,2,13,15
throw1274637374,1,20,21
compilezero,1,1,2
thereoncewasawas,2,13,15
intrepid604,1,2,3
simplelifestyle,5,2,7
merikariu,1,17,18
marmalademagic,1,2,3
EnoughBee,1,3,4
Impressive_Tennis724,7,5,12
molly_jolly,1,1,2
encrocadaai,1,1,2
hillbourne,1,2,3
TheGuvnor247,1,1,2
salutbobby,1,1,2
Vitillifry,1,1,2
Bartholomew812,2,3,5
tangentZero,1,1,2
rocklandreject,1,1,2
Kneepucker,1,2,3
underratedsubstrate,1,2,3
West_Eye857,4,22,26
TennisADHD,1,14,15
CompetitivePossum,1,3,4
Loud_Caterpillar_249,1,1,2
Ok_Plum7895,2,1,3
165701020,22,8,30
gordon22,2,1,3
AdGroundbreaking1870,1,2,3
FreePrinciple270,2,2,4
SeminolesRenegade,3,3,6
AidentWest,4,4,8
Euqinueman2,10,9,19
Bullet1289,1,30,31
Canadian_Cartoonist,1,1,2
mysticalchimp,1,1,2
JeremyWheels,1,11,12
emfurd,2,5,7
jonathan-d-grinstein,3,4,7
T0mToms,1,3,4
redyrytnow,1,4,5
Icy-Record-7773,2,24,26
Accurate_Pianist_232,1,3,4
paradoxinfinity,1,5,6
quantumcryogenics,2,2,4
Adras-,1,4,5
village_aapiser,7,46,53
SurfTheSand,1,3,4
mepper,6,4,10
prosecutor_mom,1,2,3
8DeBug8,2,1,3
saluki_topdog,1,4,5
rustyfinch,1,2,3
The_Ebb_and_Flow,3,2,5
AppropriateHamster,1,8,9
Scorp1979,1,1,2
Microsis,3,5,8
ijustwannacomments,1,2,3
ExpensiveDragon_0610,1,8,9
WarOfNoise,3,2,5
SubaruToyotaFan1986,2,2,4
subsonico,1,1,2
officialstock,8,5,13
Orbithal,1,1,2
yellowbrowntwo2,1,8,9
GreaterGodness,3,3,6
singasongsing,1,1,2
Stevejonass,2,3,5
Tatalebuj,2,2,4
astonfred,3,5,8
whicky1978,4,1,5
CottonEyes123,1,1,2
Less-Astronaut-8904,2,1,3
Aramaxpro,2,6,8
The_Sal_Analysis,1,1,2
evster88,1,4,5
Poncherelly,1,4,5
aidev2040,7,4,11
prestigeworldwyd,1,3,4
naturekaleidoscope,1,3,4
timesarewasting,1,20,21
Strike_Alibi,1,12,13
DumbNBANephew,1,1,2
DeCastroRodriguez,5,2,7
Shoe-Sweaty,1,1,2
Haltopen,1,10,11
WeReAllCogs,1,7,8
madheatteezy,1,1,2
IGotSuspended123,1,3,4
imsimply,1,1,2
Specialist_Mind7493,2,9,11
Arowx,2,10,12
RA2lover,2,4,6
Educational_Apricot,1,1,2
KingMonkey777,2,1,3
ozanoguzhaktanir,1,3,4
SushiUndLeis,1,1,2
kelpingkelp,2,1,3
Double_Snow2314,7,1,8
whyd_I_laugh_at_that,1,2,3
coleswrrld,1,7,8
stereomatch,1,1,2
QuicklyThisWay,1,2,3
Bob_Skywalker,1,2,3
aj200201,2,1,3
A-Zulu,1,1,2
navyposty,1,1,2
PanickyProvocation,1,2,3
No-Public4248,2,5,7
albinpepsi,3,7,10
exile042,1,3,4
Specialist-Teach-102,1,1,2
Agreeable_Insects,2,1,3
latestautonews,3,3,6
Flandersmcj,1,1,2
CopywriteClaimWizard,1,3,4
BlackSteel_900,2,3,5
AndrewHollandFIA,3,5,8
Dear-Adhesiveness-27,1,6,7
TotallyNotAdamSavage,1,1,2
feedb4k,2,7,9
funcExpensiveBrain,1,4,5
Queasy-Age-8957,1,1,2
ChewRedman,1,2,3
DMPedia,1,1,2
dillcanpicklethat,1,4,5
AlbertSmithson,6,1,7
Wolfram_George,1,1,2
rcomplexx,1,2,3
Krpole,1,3,4
therewasguy,1,3,4
Missymuppetty,3,2,5
PaintYourDemons,1,6,7
clhomme,1,3,4
stridelysolutions,6,5,11
sarmadsohaib,21,3,24
Traditional_Spare_38,1,3,4
IntroductionLimp9844,1,2,3
HermaphroditeMadonna,1,1,2
Sqwilliam_Fancyson,1,3,4
PJtheGFN,1,1,2
Short_Crow_9739,1,1,2
BigBoyManBoyMan,2,7,9
john_dumb_bear,1,1,2
KAYUDIKING,1,2,3
Lampwickhu,1,1,2
nomoreimfull,2,10,12
amandafinatti,1,2,3
JoinTheMartians,1,1,2
shtefhan,5,2,7
ethereal3xp,18,51,69
Dark-Fast,1,1,2
Fireman523567,1,1,2
divestfromfossilfuel,2,3,5
ME_89_0,1,1,2
CuteBananaMuffin,4,2,6
Matriseblog,4,12,16
Anonymous_Asker0813,7,15,22
fezaaro,1,1,2
RGregoryClark,3,3,6
Southern-Housing-135,10,1,11
TheMatrux,1,1,2
Evening_Honey,4,5,9
theyounglivingsavage,1,1,2
BeginningInfluence55,3,2,5
Numerous_Comedian_87,2,12,14
NedBoomersxn,1,1,2
DaHongPao88,1,1,2
tree-eel,2,1,3
Brandonthe-Archivist,1,1,2
louwillville404,1,7,8
bostonstrong781,2,2,4
compactsoul,3,3,6
makepose,1,3,4
SilboFeedback,1,1,2
hara8bu,1,20,21
Dr_ako,2,5,7
marocboy95,1,7,8
demauroy,1,20,21
Thedaulilamahimself,1,7,8
sadnlonely916,1,1,2
Ashtar_Squirrel,1,2,3
EitherDragonfly8295,1,4,5
rebels8040,1,1,2
Vivid-Phrase-5720,2,6,8
shrinkshrinkshrink,1,1,2
Erreos77,1,1,2
futuredude,1,1,2
BezugssystemCH1903,1,3,4
cobythegiant,4,1,5
swagjuicedrippin,1,1,2
2fy54gh6,3,5,8
n00dlejester,2,4,6
the_tico_life,1,3,4
M_Roboto,1,1,2
PaceEBene84,1,1,2
BayBiohacker,1,1,2
boopkilla,2,7,9
allenearthfund,1,1,2
stoneman217,1,3,4
Singularian2501,3,5,8
yagtechceo,1,3,4
Ltiki,2,1,3
Odd-Ad-3341,1,3,4
Error_401__,1,2,3
nirjhari,3,1,4
amoyal,1,7,8
SpawnOfCthun,3,4,7
samwell_4548,1,12,13
MadeThisUpToComment,1,3,4
CryptoCat2021,1,4,5
mqee,1,2,3
61-127-217-469-817,1,15,16
eclipsenow,1,26,27
G-Funk_with_2Bass,4,6,10
maxtility,1,1,2
CRock43x-,1,1,2
ZeMagnumRoundhouse,1,1,2
ThePikol,1,6,7
zeverEV,1,6,7
saleemhali,1,1,2
TheAtheistArab87,1,1,2
DarronFeldstein,1,2,3
10MinsForUsername,1,2,3
Throwaway-sum,1,1,2
millennium-wisdom,2,4,6
blue_minded_turtle,2,1,3
VeritasRedditer777,4,4,8
0nthetoilet,1,2,3
tophatthis,1,1,2
Straight6,1,1,2
cenpie,1,1,2
Captain-Technology,1,1,2
God-first-1974,1,1,2
ml_hardware,1,1,2
Baumr,1,2,3
Spruzzolagh,1,1,2
nyroshan,1,1,2
Queasy_Specific_9278,1,1,2
CommonSense2k8,1,4,5
sheeeeeez,1,7,8
placek3000,4,3,7
matademonios,1,1,2
CaptainKangarooster,1,1,2
Formless11,1,1,2
Upset_University_305,1,1,2
Fire-Type-31,1,3,4
Formal_Sausage,1,1,2
FreedomNetworkTV,1,5,6
daytimeLiar,1,1,2
MaxRegory,1,1,2
nccwarp9,4,1,5
Newsaroo,1,8,9
berbsy1016,1,4,5
Reasonably_Bee,3,19,22
AppliedTechStuff,1,107,108
IronknucklegameR,1,2,3
JVillella,1,23,24
galileofan,1,4,5
youkulolclash,1,3,4
CcJenson,1,1,2
edweirdmuybridge,1,4,5
samuel_feller,3,5,8
funkytownduoman,1,1,2
thisisinsider,1,6,7
hiimtashy,1,5,6
tweekieyoung,2,5,7
Absolute__Focus,1,2,3
curtis_perrin,1,2,3
LythriIux,1,1,2
Uberbirder,1,2,3
whoamisri,5,7,12
Pukku_06,1,1,2
I_AM_MORBIUS,4,2,6
mycolortv,1,10,11
PersonalMouse3157,2,2,4
unsw,6,6,12
Griffzinho,1,3,4
Perfect_Cap3124,1,2,3
arkhamrising,1,1,2
JAREDSAVAGE,1,3,4
Phishing_for_bytes,1,4,5
OnlyProggingForFun,4,2,6
Apprehensive-Set5986,12,28,40
TinyTornado7,1,1,2
manofstocks,1,1,2
tailorvikas56,1,1,2
itSmellsLikeSnotHere,1,1,2
Effective_Media_7002,2,2,4
o_mazza,1,1,2
asbruckman,1,2,3
mansotired,1,9,10
my_main_I_promise,1,3,4
ExMundanis,3,1,4
TallFitBig18,1,2,3
JaSamGovedo,2,2,4
AnalogRobber,2,2,4
mofosyne,1,4,5
derstarkerwille,1,20,21
yoitsdavo15,1,1,2
hockiklocki,1,1,2
gnomageddon7,1,4,5
Infamous-Sense4271,1,1,2
KingSamy1,1,1,2
Supreme_0verlord,1,8,9
famous_Dyl,1,6,7
rrryougi,2,2,4
SSDNY,1,2,3
TheChaostician,1,1,2
Jneebs,2,5,7
desroy78,1,1,2
UsefulPick2679,1,1,2
kjk2v1,2,9,11
Irakli_Px,1,1,2
Pulsarlewd,1,3,4
sami221b,1,6,7
ColdMode5222,1,6,7
Ok-Story-3532,2,1,3
Savon_arola,1,1,2
Smol-Willy-Gang,1,1,2
PooPooRichardson,1,1,2
typingmeat,1,1,2
iejacob,1,1,2
Vinny-the-leader,1,1,2
WhereWeGoNext,1,3,4
MMA_Van,1,1,2
porejide0,2,2,4
iyene,1,1,2
BruceC96,1,1,2
i-really-like-mac,1,1,2
Borderedge,1,1,2
hirnwichserei,1,3,4
johnnyXcrane,1,11,12
flemay222,4,3,7
PorkyPigDid911,5,27,32
imadade,1,1,2
NomenDeRose,2,1,3
aztroneka,1,2,3
OvermoderatedNet,3,41,44
OEYE1,1,1,2
Niobium_Sage,3,6,9
catdeficat,1,6,7
boolazed,1,1,2
Tequilallday,1,2,3
GoldenRaysWanderer,1,4,5
Alreadylostinterest,1,5,6
ackbarlives,1,1,2
broadys_on,1,4,5
Cenas_666,2,7,9
2old-you,1,1,2
BergusTory,2,4,6
Jaffapple,1,1,2
JonJayOhEn,2,2,4
Vetter1,1,2,3
yothisguysavage,1,1,2
poopystick69,1,1,2
krispy2009,1,1,2
achmeinherrfauste,1,1,2
DoctorJeffs,5,3,8
Klem132,1,7,8
MRARVRdev,1,1,2
Saanvi_Sen,2,2,4
_vibrate_,1,3,4
c0viDOMME,1,1,2
Most_readit,1,2,3
ExileInCle19,1,4,5
peregrinkm,1,44,45
jchoros,1,1,2
Robertchevvy,1,5,6
seoul2014,5,1,6
Ok-Path5911,1,1,2
intellectronica,1,1,2
andromaxPro,1,6,7
tangent26_18,3,8,11
Accomplished-Bear-61,1,1,2
x-files-archiver,1,4,5
77Sage77,1,4,5
Striking-East-3144,1,1,2
Chronotracks,2,2,4
Species_Foundation,1,1,2
flamestar_1,2,2,4
bloomberg,6,5,11
CelebrationDirect209,7,8,15
enderbey,1,2,3
jarbear1999,1,7,8
Inevitable_Land_7782,1,2,3
ECommerce_Developer,2,2,4
Hot-Tangerine-2880,1,1,2
Botmywork,1,1,2
tiopepe002,1,3,4
goppox,1,1,2
Jakeywolf666,2,8,10
techrh,4,1,5
Dujikorlo,1,1,2
InnerAd118,1,4,5
adbusters_magazine,1,1,2
universal-human_org,1,1,2
afraidanddepressed,2,2,4
VNKT-FOREVER,2,3,5
SberryCheesecake22,1,3,4
gnagorez,2,2,4
BatCertain1868,1,2,3
ChinesePrisonerOrgan,2,2,4
Sea_Ad_7690,1,10,11
BearNo21,4,3,7
Marcus_111,1,1,2
RamaSchneider,7,36,43
AvidBoarder7823,1,1,2
Magicdinmyasshole,2,15,17
Rep_Nic,2,3,5
scsticks,1,3,4
sexywheat,1,2,3
minafahmi_ceramics,1,1,2
LeCodex,1,1,2
Imbecile_cyborg,1,1,2
myinnerbanjo,3,3,6
JD_Vapor,1,1,2
DasDouble,1,8,9
tomato-is-vegetable,2,8,10
kandalf01,2,3,5
Sunset-Ubuntu,2,2,4
Interesting_Mouse730,1,16,17
bluedemon,1,1,2
RavenCeV,1,3,4
DrCalFun,5,7,12
thenewrepublic,1,1,2
virtualmase,3,2,5
Internetz-Sailor,1,2,3
BegMercy666,1,2,3
Polnoch,1,78,79
glth,1,1,2
Azarro,1,1,2
jfd0037,4,2,6
HoldenFinn,2,2,4
Wildlyeco,7,1,8
Shaniac_C,1,1,2
Future-Annual-7749,1,2,3
ChuckLeClerk,1,1,2
kk42023,1,4,5
Forward_Usual_2892,1,5,6
Soft-Flamingo6003,1,10,11
Quotrons,1,2,3
uswhole,2,8,10
kranthosTM,2,1,3
CharlieWorque,1,1,2
vantablack333,1,2,3
criticalbeta37,2,1,3
Another__one,1,1,2
GlobeOpinion,2,1,3
OmNickscient,1,2,3
Zackang908,1,1,2
tflizzy,2,6,8
scrutontapeletters,1,1,2
Perfect_Conclusion52,4,2,6
Skevold,1,1,2
Phishstixxx,3,2,5
Ok_Breakfast3037,3,1,4
maevecampbell,1,2,3
joeythibault,2,1,3
YardCivil5238,2,1,3
henryhorker,1,1,2
OrwellWasRight69,1,1,2
LiveScience_,9,8,17
sparklequest64,1,2,3
Forche9g,1,2,3
RatRaceSobreviviente,1,4,5
l0rdhexd,1,1,2
taloncard815,1,1,2
Krazyscientist,10,1,11
Netcentrica,1,1,2
flochaotic,2,1,3
Maxwellsdemon17,2,2,4
australianreindeer,2,2,4
failed_evolution,2,1,3
MarsEnjoyer,1,1,2
ajohnson33,1,1,2
bmerino119,1,1,2
qualiacomputer,2,2,4
lostinthewoods1,1,1,2
Rabid-brain,1,2,3
ChriAZii,3,4,7
alazaria,1,1,2
DinoWith500Teeth,1,1,2
xrmasiso,1,8,9
Jushuas,1,1,2
Amalrachdi,1,1,2
0neiria,1,3,4
burntbabylon,5,1,6
HarlemHellfighter96,1,1,2
Worldly-Gur8731,2,1,3
TwoCentFriend,1,1,2
edoerxd,1,3,4
MirrorZy,2,1,3
SEALAwards,3,2,5
citydreadfulnight,1,9,10
eye_of_illumination,1,1,2
ImplementExtension58,1,1,2
Tomtom3020,2,1,3
TVRamosAlves,4,4,8
borokoko,1,1,2
Cheefbird,1,1,2
cybershocker455,2,1,3
Richy448,1,1,2
Tetizeraz,1,2,3
Permatheus,1,1,2
enlightened_editor,2,1,3
gevestobs,1,1,2
tuccigucci_,1,1,2
nightwolf56789,1,1,2
GeneralTusk,1,1,2
thatscienceguy4748,1,1,2
king_o_cats,2,3,5
MissionQuestThing,2,1,3
writer-fransborn,1,4,5
m4rv1nm4th,1,3,4
Ronnny2,1,1,2
sopmac21379,2,5,7
LatinoFuturist,1,2,3
Casualte,1,2,3
sergeykurinov,1,5,6
ZikValera,1,1,2
skedadadle_skadoodle,1,2,3
Battelalon,1,1,2
euronews-english,4,3,7
AJLukan_,1,1,2
DesertofBoredom,1,1,2
ninthway,1,1,2
jwbaynham,1,1,2
CatharticFarts,1,3,4
yourtechstoryblogs,4,5,9
polymute,1,1,2
jcgm93,2,1,3
Ashamed_Writing_2384,1,3,4
hamza_baloch,1,3,4
Puzzleheaded-Law-429,1,5,6
Pheargrimm,1,12,13
ProbablyRage,1,6,7
Hopeful-Eggplant-597,10,10,20
Seb_Kennedy,1,1,2
Maverick_045,1,1,2
Routine_Print_7741,1,1,2
AntiP--sOperations,1,1,2
FrigginMasshole,1,2,3
MadamePerry,1,2,3
ConsistentWorker3565,4,2,6
nuclearbastard,1,3,4
the_remainder_17,1,3,4
adamaronson,1,2,3
SmoothDiscipline2640,1,4,5
Cpt_Picardk98,1,1,2
dunctanker,1,1,2
DeepestOfDepths,2,2,4
kazerniel,1,2,3
theindependentonline,1,1,2
wootybootie,5,1,6
incredibleamazing,1,1,2
chuguruk,3,3,6
discygirlygirl,2,1,3
originmsd,1,5,6
bobobobobobooo,1,4,5
SnooPets4924,1,1,2
Skiingfun,1,1,2
marcocleos,1,1,2
Builder1Million,2,1,3
RedDotPy,1,1,2
FreshAirCoolWater,1,1,2
too_damn_fast,1,2,3
Malachiian,2,3,5
wulfboy01,1,3,4
vandp21400,1,3,4
Frequentlyaskedquest,1,1,2
Fluid_Mulberry394,1,2,3
doingStufffff,1,3,4
CausalMan,1,1,2
Efficient_Library_22,1,1,2
Musichead2468,1,1,2
JettMe_Red,1,1,2
pauerrrr,1,1,2
Lock2Key,1,1,2
WREGnewschannel3,1,1,2
BeneficialEngineer32,1,4,5
Apprehensive-Bad-651,1,1,2
Outrageous_County_29,1,5,6
TenoMcbane,2,3,5
This_is_User,1,1,2
zietda,1,1,2
Choice_Card,1,4,5
Aypnia,1,3,4
istegerjf,1,1,2
Hypertech101,1,1,2
asaural,1,1,2
Logical___Conclusion,1,4,5
awwshitwtf,1,3,4
Kholeideas,2,1,3
mikeigartua,1,1,2
MajorTom360,1,1,2
ssk42,1,1,2
Draconic_Flame,1,3,4
Gladknight,1,3,4
Ruben-Tuggs,1,1,2
oggispa,1,2,3
oculusgounlocked,1,1,2
Raj-Bhattarai,1,1,2
bakayen,1,2,3
ForPOTUS,1,1,2
ArmchairGhazi,3,1,4
Acid_God_,3,1,4
peteirvine_geo,1,1,2
D0g_spleen,1,1,2
EndothermicExpulsion,1,1,2
SumDumScientist,1,153,154
TheChaklatSauce,1,2,3
dontpet,4,563,567
1fakeengineer,1,13,14
SteppenAxolotl,2,28,30
collapsingwaves,1,51,52
orange_drank_5,3,82,85
greg_barton,2,141,143
Chispy,60,97,157
damontoo,1,213,214
pipsdontsqueak,2,21,23
ApocalypseSpokesman,1,129,130
JustWhatAmI,4,904,908
MesterenR,50,88,138
Puffin_fan,2,104,106
GabrielMartinellli,5,472,477
Give_me_the_science,2,70,72
Robot_Lord,1,7,8
Villamanin24680,6,52,58
vbcbandr,1,60,61
Snap_Zoom,15,64,79
black_rose_,1,16,17
Mortal-Region,7,103,110
Gari_305,1587,1012,2599
NityaStriker,2,105,107
tomtttttttttttt,1,432,433
Thefriendlyfaceplant,1,60,61
AwesomeLowlander,7,1199,1206
yung_quan,3,19,22
Orc_,2,1001,1003
imaginary_num6er,3,110,113
Gram-GramAndShabadoo,1,75,76
Wcheikhaoui,3,5,8
Projectrage,4,103,107
SpektrumKid,3,200,203
phi_array,8,88,96
Ineedfoodpls,1,361,362
Madridsta120,78,347,425
timeforknowledge,1,50,51
mutherhrg,16,280,296
NickDanger3di,13,115,128
mrmonkeybat,6,68,74
eyefish4fun,4,144,148
hwmpunk,1,279,280
delsystem32exe,1,31,32
ThomasTwin,1,44,45
MontanaLabrador,1,20,21
ronin8326,1,9,10
Gawkhimm,1,56,57
Arachnapony,3,8,11
AdSea9329,1,64,65
Devanismyname,2,24,26
rawpxl,2,64,66
BurnerAcc2020,1,255,256
FDP_666,22,37,59
Ani10,37,265,302
DreamingIntoTheVoid,1,91,92
Grand-Daoist,1,42,43
festlap,2,121,123
CFHybridEGT,1,12,13
AtheistGuy1,1,185,186
muicdd,54,205,259
anythreewords,7,53,60
Sdeal30,1,5,6
fangfried,3,143,146
chopchopped,100,135,235
Suhaib_alam,1,3,4
quilsmehaissent,1,16,17
ilikeover9000turtles,1,4,5
Reddit-runner,1,292,293
RelentlessExtropian,2,168,170
bjplague,1,103,104
Humidhotness68,12,45,57
Galileos_grandson,28,7,35
SillyCubensis,10,46,56
Thyriel81,1,80,81
Windbag1980,2,69,71
Important-One3142,1,3,4
_somename_,1,81,82
MBlaizze,9,147,156
Diamond-Is-Not-Crash,1,19,20
Ducky181,1,157,158
jdooley99,1,14,15
aManOfTheNorth,1,95,96
MotivateMindZ,1,17,18
IslamophobinAordur,5,15,20
thetalker101,1,22,23
Semifreak,11,448,459
DynamicResonater,2,310,312
khuranarana,6,93,99
TheMostWanted774,6,26,32
Jackson_Filmmaker,11,30,41
throwawayee10,1,5,6
alpha69,2,100,102
nogloza,2,1,3
royalrange,2,29,31
DadOfFan,3,128,131
fuzzyshorts,3,98,101
worriedaboutyou55,1,40,41
A_Vespertine,2,75,77
TombStoneFaro,6,230,236
ReturnedAndReported,1,112,113
victim_of_technology,9,130,139
Mokebe890,3,344,347
ecodogcow,1,1,2
Alex5899,2,5,7
Typical-Time-1313,2,4,6
ActonofMAM,1,94,95
FoundersSociety,1,3,4
alexgmcm,2,58,60
Warrior_of_the_flame,1,2,3
OrologioWatchCo,1,12,13
andysc0,1,46,47
LifeinBath,1,2,3
Perioscope,1,69,70
Sabrine_Crystal_1992,19,45,64
Clacimus,1,81,82
robdthomas,1,35,36
available_username2,1,30,31
skanderbeg7,1,70,71
IronyElSupremo,1,49,50
bigattichouse,2,49,51
mycall,1,7,8
otoko_no_hito,1,18,19
passintimendgas,41,252,293
Professional_Fox_409,7,32,39
Morzo_Voidmaster,5,98,103
sllop,1,20,21
nexusx86,1,13,14
CyanicEmber,1,24,25
CoHemperor,1,8,9
Yourhyperbolemirror,1,6,7
norfolkdiver,1,4,5
LancelLannister_AMA,1,20,21
Haymidge,1,23,24
PhotoKaz,1,4,5
TheSingulatarian,3,370,373
count_downs,1,1,2
NeurotypicalPanda,3,6,9
wencc,1,7,8
rdrunner_74,1,3,4
TFenrir,1,19,20
candiedbug,4,29,33
zenon,1,3,4
PauloPatricio,10,13,23
Quantoscillator,2,29,31
judd43,1,1,2
3day-weekend,1,3,4
DickCheesePlatterPus,1,16,17
DeMystified-Future,2,5,7
ResolutionImaginary2,3,5,8
Chrome_Plated,15,22,37
ToesyToeNails,2,15,17
yodenevernuggetjeans,1,21,22
lokujj,9,85,94
Futuroptimist,1,42,43
Actual-Fee6009,1,6,7
holler_kitty,7,12,19
belvedere58,2,6,8
MassiveLawfulness,1,7,8
dinozaur2020,4,2,6
ResearchInsights,6,1,7
superanth,1,78,79
Darkwaxellence,1,49,50
Mrlumens,1,5,6
avandoorslaer,1,1,2
ParadigmTheorem,1,132,133
Nick_Canary,1,8,9
mehconomics,1,17,18
remotemass,2,1,3
speakhyroglyphically,2,29,31
JulianMaxWasTaken,4,1,5
wiwerse,1,11,12
WolfeTheMind,1,28,29
JonVici__,4,5,9
TheCnt23,2,45,47
Helmet11,1,11,12
AlwaysTheNoob,1,1,2
AzemOcram,1,15,16
feelosofee,1,1,2
thecoolhodler69,1,1,2
Jaxon9182,3,23,26
Practical_Put_3892,6,11,17
Sorin61,622,345,967
AndrewSshi,1,15,16
ihwip,1,33,34
ChicoTallahassee,1,5,6
zefy_zef,1,16,17
Duckbilling,1,122,123
yeetfest2030,1,6,7
BBaffin,1,1,2
WisdomDota,1,3,4
verdict0224,7,47,54
Phoenix5869,6,115,121
sultry_eyes,1,35,36
matt2001,4,57,61
Chroderos,1,120,121
WalkingTalker,1,21,22
brolifen,10,58,68
veryybadbakht,1,11,12
YWAK98alum,1,200,201
noraad,1,3,4
Symbiot10000,11,4,15
WellWrested,1,29,30
JimmyJoeJohnstonJr,2,9,11
BaherBA,1,4,5
HEIR_TO_DESPAIR,1,11,12
undadatunda,3,42,45
zhaojinghao,1,1,2
Anotherskip,1,11,12
Sovereigner,3,13,16
itsaride,5,88,93
TriniTornado,1,19,20
Heavy-Bread-3549,1,56,57
Negative_Emu8412,1,11,12
SecondAccount404,13,65,78
Voice_of_Humanity,1,16,17
catsinbananahats,1,5,6
BobMcCully,1,5,6
Bilbrath,1,55,56
TheXenoRaptorAuthor,1,33,34
Handicapreader,1,2,3
Tystros,2,5,7
kelev11en,24,28,52
Paraprosdokian7,2,5,7
joachim783,1,3,4
Nearby_Ad_3982,1,2,3
abandon_floater,1,7,8
bugginryan,1,9,10
dissolutewastrel,2,3,5
BotJunkie,4,8,12
GoodKangaroo7446,6,13,19
leolamvaed,1,21,22
crimescenecleanup,2,6,8
Harry-le-Roy,1,8,9
Proteasome1,3,76,79
WideSmilesAbound,1,17,18
-valleyofthewind-,1,1,2
Anteater_Able,1,1,2
ja6j2,1,9,10
tonioroffo,1,3,4
PriorPhilip,1,13,14
IbrokeMyTallywacker,1,11,12
sparthbrea,1,3,4
berlinparisexpress,12,40,52
tom_1357,11,21,32
MaryADraper,2,1,3
LieutenantKurin,1,9,10
quantizedself,1,27,28
iuccotash8934,1,3,4
skyersjet,1,27,28
Ghoullum,1,90,91
throws_ra,1,7,8
940387,1,12,13
CuriousMan100,7,30,37
Masol_The_Producer,4,14,18
nukeop73,1,3,4
fox_office,1,12,13
LordDK_reborn,1,5,6
arcedup,1,16,17
fleker2,82,106,188
Count-per-minute,1,3,4
spook30,1,13,14
Tonnberry_King,1,1,2
goran7,2,1,3
Zennith47,1,8,9
space2026,1,5,6
Yobe,1,1,2
mossadnik,65,59,124
jcallany,2,3,5
datamigrationdata,7,9,16
longlongman6969,1,1,2
ILikeCatsAndSquids,1,1,2
Sketzell,1,8,9
GarlicCornflakes,8,11,19
Im2bored17,1,5,6
caffeinatedredditor,1,5,6
pinn24,2,3,5
ronwilliams215,1,10,11
Zealousideal-Pay1751,1,1,2
justcauseme,1,1,2
mapimba,1,1,2
Dreid79,2,8,10
ElisabetSobeck,1,25,26
hcbaron,1,4,5
noxpost,1,6,7
MrMiddledoor,6,11,17
Supersubie,1,4,5
aostaratzjb,2,4,6
Bitcoin_to_da_Moon,2,3,5
0913856742,1,25,26
rathat,1,97,98
FarmhouseFan,1,122,123
JackalB93,1,2,3
jdrch,1,29,30
Ok_Noise6109,1,8,9
sirxshade,1,2,3
Creepy_Toe2680,5,18,23
Fantastic-Arrival556,1,30,31
srasmus97,1,108,109
shermanpete18,1,7,8
TanookiPhoenix,1,14,15
Vince_McLeod,1,5,6
The_WolfieOne,1,16,17
Thatwhiteguybrad,9,41,50
IEEE_DigitalReality,2,4,6
suicide_bomber_83,1,8,9
LittleWhiteDragon,2,11,13
SpinCharm,1,64,65
fingin,1,7,8
Bearsiwin,1,6,7
Swagnum_Pl,1,3,4
Amichateur,2,50,52
Alm506,1,5,6
KeaboUltra,2,126,128
Cool_Command5675,1,6,7
Zhukov-74,3,15,18
UncertainAboutIt,3,127,130
Novaresident,1,12,13
PopulationMedia,1,7,8
jwtv_,1,1,2
dancingkittensupreme,1,78,79
bitfriend6,11,104,115
KombattWombatt,1,14,15
leapinleopard,1,27,28
powerhousesam,3,2,5
blaspheminCapn,102,84,186
merekisgreat,1,2,3
GorillaP1mp,1,167,168
Torrall,2,121,123
coumineol,1,7,8
McDowdy,1,19,20
civicsfactor,1,1,2
stealingsociety77,1,12,13
SlyB,2,4,6
warren_stupidity,1,86,87
AuralSculpture,1,14,15
JerrodDRagon,1,87,88
argothecat,1,1,2
HenryMalco,2,7,9
Triglycerine,2,17,19
Grand-Competition286,1,2,3
thoughtctrl_official,3,1,4
Windows_is_Malware,2,26,28
whozsweet,1,1,2
rpm646,1,23,24
2DankforU,1,1,2
Newbie443,1,5,6
vk6flab,1,2,3
evillman,1,41,42
SevereOctagon,1,13,14
AftonCoger,3,23,26
legoman102040,1,5,6
jdog1067,1,20,21
protekt0r,1,16,17
theimpossiblequiz,2,3,5
GulingKo,3,2,5
Deep-Room6932,1,17,18
newbooke,3,24,27
Medisinal23,1,3,4
JayBeeSA,1,2,3
kingdangerously,1,10,11
Adrien-Chauvet,1,16,17
StatisticallyBiased,3,10,13
arevealingrainbow,1,87,88
Mapafius,1,15,16
MrSingularitarian,1,17,18
Honest_Performer2301,3,66,69
captainquirk,11,9,20
NoLongerNorwaysTroll,1,5,6
Altheatear,1,21,22
bionictrip2,1,7,8
CCPareNazies,1,15,16
JustTheNipKettle,1,3,4
Tbad556,1,13,14
DebiDebbyDebbie,1,3,4
Tombfyre,2,51,53
joemurray1994,8,4,12
freegrapes,1,28,29
aggie_hero7,1,4,5
xFutureLustx,2,1,3
wigglieri,1,7,8
moidheen369,1,3,4
CaptCruz,1,3,4
Golfer345,4,16,20
Trimshot,1,6,7
joecooool418,1,18,19
BandicootKind705,2,8,10
Bojangles411,2,5,7
aRationalMoose,4,41,45
Gary_s_1982,3,9,12
enigmaticalso,1,19,20
Tech_Monitor,2,1,3
TheFamousHesham,1,20,21
soulpost,54,65,119
infiniti_ventures,3,1,4
felixanderfelixander,2,17,19
GlidsSJ,1,1,2
HatingGeoffry,7,6,13
wiggle-le-air,1,8,9
rered92,1,2,3
Braindrainfame,2,4,6
discob0tt,1,27,28
BiohackerOfTheGods,1,15,16
RedEagle_MGN,5,9,14
PO0tyTng,1,75,76
bojun,2,29,31
peppaz,1,18,19
CIACocainePlane,7,47,54
dedokta,1,31,32
altbekannt,17,32,49
gregoryshortail,1,3,4
SkepticalJohn,1,10,11
Forever_Slice4684,3,7,10
HeartLeading,2,3,5
eastbayted,3,11,14
afeeney,7,16,23
PizzaTucker,3,3,6
nomstrom,1,5,6
TonyTalksBackPodcast,1,12,13
Lawls91,1,11,12
DarthNadoma,30,59,89
MrMeems,1,1,2
kewoni,1,5,6
Soupjoe5,31,86,117
fredmander0,20,16,36
ImperatorScientia,2,28,30
zacharyarons,16,16,32
Apprehensive-Ad6212,1,9,10
bored_curator,25,2,27
x5ofspadez,1,1,2
zvoidx,1,30,31
stonksntings,1,3,4
1willbobaggins1,4,1,5
MysteryInc152,6,58,64
SpaceDepix,2,4,6
yohj,1,2,3
Hot_Connection6073,1,5,6
fman84,1,17,18
chris_myzel,1,14,15
JHAMBFP,9,2,11
PsychoComet,1,4,5
sarinGasSmells,1,27,28
BathroomWinter5544,2,1,3
Blueberry_Conscious_,4,19,23
frequenttimetraveler,1,133,134
Hattress,2,3,5
ProjectX3N,1,5,6
dsolomonoff,12,1,13
bazegha,9,10,19
eg-likar-potet,1,17,18
pseudochron,1,3,4
Hanzo_The_Ninja,2,37,39
AI_Putin,2,6,8
bigboyari,1,3,4
SleekEagle,5,14,19
HatimD45,1,3,4
Ivorypetal,1,54,55
Curiousfelloh,1,1,2
ohsohigh,1,2,3
TriedandTru17,1,3,4
John-Galt-Lover,1,3,4
nick7566,16,16,32
EdwardHeisler,21,9,30
PuzzBat9019,2,7,9
Odolf-70-RN,1,3,4
speckz,570,4,574
SnooPeppers6649,2,1,3
Most-Chain-1022,1,3,4
19dronin,1,2,3
jpflathead,1,9,10
InvictusJoker,4,1,5
bappishaon01,3,2,5
post-existentialist,1,3,4
sundler,1,2,3
Sad-Plan-7458,1,19,20
Mailyk,6,6,12
ColumbusClouds,1,40,41
Mediocre_Credit,1,4,5
JaWiCa,1,12,13
etothe_ipi,1,3,4
tennisanybody,1,39,40
PyrateShip,1,9,10
Thoku10,1,1,2
Ok-Heat1513,1,31,32
Atulin,2,13,15
Lennycool,2,4,6
schooloflife22,10,4,14
Littleholmes_,1,3,4
unusedusername42,4,36,40
tstonez,2,3,5
Nominativedetermined,3,4,7
23andburnside,1,1,2
INFEKTEK,1,1,2
sheltojb,1,41,42
Accomplished-Sky-289,1,1,2
Signed_DC,2,4,6
charmcitycuddles,2,1,3
inconvenientnews,1,6,7
Always__curious__,21,19,40
RecycleForGaia,2,2,4
Budget-Inflation6306,1,76,77
future168life,1,2,3
DerekYac,1,9,10
Cyberdog,1,1,2
Attention-Status,2,1,3
Larryfromalaska,2,3,5
Biggymin,1,2,3
vitronk,2,2,4
submat87,1,4,5
UpsideFoods,1,21,22
CalligrapherSimple29,1,3,4
skraddleboop,2,127,129
moist_yoda,1,30,31
Seek_Treasure,1,20,21
Pal_Ol_Buddy,1,3,4
capcaunul,17,18,35
justboki,1,3,4
CydoniaMaster,3,6,9
PhilosophyTO,1,1,2
RemarkableRanger7936,1,1,2
s1n0d3utscht3k,2,27,29
ithrewawaythis123,1,1,2
Thaetos,1,3,4
Ojja,1,2,3
fastclickertoggle,10,25,35
SnooCookies2243,2,3,5
DennisNedry-,1,2,3
downArrow,2,7,9
Active_Hedgehog,1,1,2
Baobab42,2,5,7
shazzwackets,1,16,17
n3w4cc01_1nt,1,99,100
daliksheppy,1,38,39
Dolphin_Vision,2,2,4
raymgriff,1,1,2
Wallnussfolie,1,3,4
TeamChevy86,1,3,4
Vegan-bandit,7,13,20
AssociationWorried45,3,6,9
DeadWelcome,3,2,5
dirk_bruere,2,2,4
Coolerwookie,1,5,6
shungitepyramid,1,3,4
crad8,1,3,4
Appropriate_Ebb7787,7,6,13
b34tgirl,1,5,6
ssm99,1,3,4
moschles,2,10,12
ComprehensiveDisk384,2,13,15
Rubydev39,2,28,30
Fiskifus,1,31,32
Borealian,2,40,42
ranjeettechnincal,6,4,10
ObtainSustainability,23,33,56
morningburgers,2,6,8
Redvolition,12,38,50
ThinkingViolet,1,3,4
PublicNutrition,2,2,4
AE314159,4,1,5
Marciu73,5,7,12
ChimeraMistake,2,3,5
Duke0fWellington,1,44,45
Condomonium,1,3,4
druizzz,1,1,2
QuantumForce7,1,6,7
pmz,4,1,5
hardcore_gamer1,2,8,10
Nanoer,1,11,12
sim04ful,2,6,8
StrictWoodpecker3491,2,2,4
sherazyousaf,2,1,3
nickmakr,1,2,3
randomusername9830,1,4,5
jennvirskus,4,1,5
EspressoInsight,2,3,5
chantengri,1,1,2
makhlouf2003,1,7,8
Bombslap,1,3,4
unnonueve,3,3,6
DS-Morph,1,1,2
gnorr4,1,5,6
Zee2A,1,10,11
majnuker,1,22,23
albentonn,1,1,2
rabahi,2,3,5
randommmiranii,1,12,13
-unassuming,2,18,20
OnTheRoadToKnowWear,1,3,4
PloxtTY,1,22,23
Ro_The_Great,3,2,5
bothanspied,1,3,4
inno_brew,2,3,5
kirpid,3,169,172
Drummer_23,1,9,10
durrasonic,1,1,2
Slammbro,1,3,4
IVConstantine,1,3,4
Guns_or_Buttered,1,8,9
nFormingSolutions,1,2,3
wolfcubwolfc,1,1,2
chilispicedmango,1,2,3
naemoa,2,2,4
bigmikemcbeth756,1,53,54
lupadim,1,36,37
bestonecrazy,2,3,5
volci,1,43,44
Bill291,1,5,6
helpful_hank,1,1,2
hootsmcboots,1,3,4
Literal-Figurative,2,3,5
famer3jrhd89,1,1,2
Sharon_Renji,1,3,4
SocratesScissors,1,24,25
AkitaBijin,2,2,4
atsimas,1,2,3
Zartornado,1,2,3
rubberbandmanband,1,1,2
sammythepiper,3,10,13
Alightsole,1,24,25
Janizzary,1,3,4
ChucklesFreely,5,2,7
ohineedascreenname,1,1,2
wilsonckao,6,4,10
2noame,9,9,18
WorldSpark,1,9,10
rwang7839,1,3,4
Brainlessdad,1,3,4
apegoneinsane,1,2,3
tomb8man,2,6,8
Bsbehehsv,1,4,5
Sentuivira,8,10,18
aerlenbach,1,33,34
Buddistmonk1234,2,3,5
jdm63,1,6,7
Ibnmokhtar,1,3,4
Xsolity,2,1,3
greenappletree,2,79,81
lmready,9,6,15
corpes_magnus,1,7,8
BergenNorth,1,4,5
eliotpeper,13,12,25
idanthology,1,2,3
Nearby-Onion3593,1,5,6
stankmanly,15,1,16
AnimatorOnFire,1,1,2
FadiAlbouni,1,4,5
maxkozlov,2,7,9
EdSheeransGinger,1,1,2
hackalackolot,7,6,13
YourFather93,2,4,6
Enterprise-NCC1701-D,1,1,2
Trustyduck,1,5,6
strongerthenbefore20,3,4,7
k1lk1,1,1,2
chemistrynerd1994,36,9,45
Key_Entertainment409,2,6,8
RushAndAPush,1,1,2
Marr98,1,3,4
TUBETHAMBI,3,3,6
KennieCheung,2,1,3
rebradley52,1,17,18
AdasLost2949,3,9,12
We_Are_Legion,1,12,13
AlertAbrocoma2203,1,3,4
WarFletch,1,18,19
neuralnutwork42,1,5,6
dhgottlieb,1,1,2
cybeps,1,1,2
ReinhardtEichenvalde,1,14,15
Sri_Man_420,2,8,10
hero46it,1,3,4
zek_997,1,4,5
dect60,3,4,7
Guobaorou,2,8,10
brooklynlad,2,19,21
drummerboye,5,49,54
thus_spoke_jared,2,1,3
intrasearching,1,13,14
Redditer-1,1,1,2
Muscle_Nerd11,2,3,5
anonymousredditor0,1,1,2
tab_Warrior,1,3,4
dudemansick,1,4,5
JannTosh12,11,11,22
ethicalants,1,31,32
hngysh,1,3,4
james_wheeler,1,8,9
robotarmfeels,3,1,4
basafish,6,33,39
jeremycrane_eth,1,8,9
psychopegasus190,1,1,2
FutureGazer_999,2,24,26
Green-Future_,7,33,40
LeatherDeer9735,1,1,2
mehtab11,1,1,2
Reddit123556,2,9,11
Angled_IO,3,1,4
Neo-grotesque,1,11,12
Shot_Strategy_7610,1,2,3
Iaokim,1,1,2
where_is_my_monkey,1,3,4
jeoyous,1,4,5
Lord_Thanos,1,16,17
Lionzzo,5,6,11
Boring_Ant_1677,2,1,3
sparshgup,2,4,6
Yesberry,1,1,2
cryptoanalyst2000,1,9,10
Disastrous_Run_1745,1,2,3
Discoverlife3,1,1,2
BananahLife,1,16,17
hobskhan,1,2,3
Miller25,2,4,6
lichtcatchingtoby,1,1,2
gors6607,1,2,3
PotatoNero,1,1,2
walyc,1,4,5
DonTech94,2,1,3
UnitedBarracuda3006,1,33,34
paulmurphy1999,25,2,27
Nervous_Educator3580,1,2,3
EmAreDubs,1,3,4
Callisto_NTG,1,26,27
LowAwareness7603,1,11,12
AnneBancroftsGhost,1,4,5
_hownowbrowncow_,1,3,4
swethmandava,1,8,9
tsungxu,1,3,4
consciousbeast,1,1,2
Accomplished_Sink_58,1,1,2
Rude-Raise-5697,2,4,6
The-world-is-done,1,1,2
nanowell,1,10,11
SurroundSwimming3494,1,3,4
Ubaid466,1,2,3
BudgetWeight7076,1,2,3
vmaurya7,1,3,4
WiseSalamander00,1,9,10
CurtisBowser,1,1,2
uh1pilot86,1,6,7
Drpoofaloof,1,1,2
Damn_Dutch,1,1,2
wiluniverse,1,9,10
ItsTheUltimateBob,5,1,6
EditorIMCIMagazine,1,2,3
saik2363,5,3,8
armorhide406,2,19,21
SciBusReddit,2,1,3
lickorish_twist,1,1,2
S_K_I,1,17,18
Genesis-Echo,1,1,2
MyVideoConverter,8,21,29
buildingapcin2015,1,1,2
HumanNoImAlienCat,1,6,7
grimjim,1,12,13
kmtrp,1,23,24
Paraphilias075,2,4,6
veegain96,1,11,12
Baselines_shift,1,6,7
Feuerz3ug,1,2,3
Mitchell_StephensESQ,1,40,41
jbizbest,1,3,4
isjajhdhs,1,1,2
N_Ravi,2,2,4
adearman91,3,1,4
Bammy-Soy,3,2,5
PrettyChrissy1,1,17,18
Falseprofit007,21,7,28
Iron-Doggo,1,2,3
paulduplantis,1,3,4
Milzo9,1,5,6
sirdiamondium,1,16,17
duckyduckyduc,1,2,3
LilGlobalVillage,1,1,2
Delbin_muss,1,1,2
TheOffBeatDoc,1,8,9
wembley66,5,1,6
pasaaa007,12,1,13
Impossible_Cookie596,1,2,3
Constant-Search4940,1,4,5
bad_ashh,1,18,19
Schtoogles,1,1,2
Cedarplankton,2,1,3
katylady405,2,5,7
mtortinho,1,1,2
nortob,1,9,10
angryuberguy352,1,1,2
TraditionWeekly5168,1,1,2
AimingWineSnailz,1,20,21
1xdevloper,2,3,5
JordanLawver,1,1,2
NTR_Slayer,1,9,10
Primex-Me,1,1,2
Kirel333123,1,1,2
newDeckardCain,1,1,2
Maxcactus,5,5,10
MoonMonkeyKing,3,3,6
Pastor_Richardian,1,2,3
depressedloserxd,30,3,33
green_flash,1,8,9
Caterpillarfox,1,1,2
leghairweave7,2,1,3
Social_VR_Team,2,1,3
kalkaseer,1,1,2
nevernotdating,1,5,6
PrettyHair0,1,1,2
davidwholt,59,4,63
ILOIVEI,1,1,2
mrmrcosmos,1,5,6
october_prime13,1,6,7
Firefly_piano,1,1,2
allaboutAI,1,1,2
ramdasviky,2,1,3
Economy-Direction198,3,2,5
peterabbit456,1,15,16
je97,1,4,5
InkIcan,2,11,13
roasppc-dot-com,3,4,7
Realistic-Plant3957,9,14,23
roxanneonreddit,3,3,6
NinjaDickhead,1,7,8
hoosierhiver,1,16,17
fanbonus,11,5,16
nightscrawler44,1,3,4
wsj,9,22,31
huntforacause,1,3,4
No-Transition-6630,2,3,5
Thinkbig19,1,1,2
djdylex,1,8,9
sylsau,7,13,20
ICSSH,1,2,3
ChickenTeriyakiBoy1,30,20,50
wisdomate,2,4,6
Vico1730,1,1,2
TreeHuggingHippyMan,1,21,22
Sosolidclaws,1,4,5
superfakesuperfake,1,1,2
DeanIsDear,2,2,4
aldebaron_futures,5,2,7
TacosAndBourbon,1,1,2
Guylikeshismovies,2,2,4
biocaster,1,1,2
ThisGuyNames,1,1,2
FananaBartman,1,11,12
mydoglovesus,1,1,2
ToLoveThemAll,2,3,5
norasimon,2,6,8
ilgazcl,1,19,20
malum68,2,5,7
RichardVegan,1,1,2
SnooSquirrels6758,1,13,14
Foreign-Smoke6103,2,3,5
seekknowledge4ever,1,26,27
proteomicsguru,1,3,4
neon_musk,6,6,12
jnwill84,1,2,3
TheBlueMango01,2,1,3
keghi11,2,6,8
roadtrip-ne,1,5,6
senrnariz,1,4,5
YoloRandom,1,5,6
lukeamomo,1,3,4
dogonix,7,16,23
duckyoumate,1,1,2
Eezcool13,2,3,5
daleelsayarat-cars,1,12,13
Bad_Astra_Channel,2,6,8
wokeinthematrix,1,2,3
LogicalAction2071,1,2,3
rshpkamil,3,1,4
arby25,1,1,2
ecstasyandeuphoria,1,2,3
korvusdotfree,5,6,11
Adept-Engineering-71,1,2,3
David-Lux,1,1,2
CandY11MaN11,2,5,7
dranditek,6,1,7
Charming-Coconut-234,3,5,8
shubhbadonia,1,1,2
AdeptInspector7210,1,2,3
Outrageous-Ad-9019,3,3,6
Social_History,1,1,2
PotenciaMachina,1,1,2
burgundul,5,6,11
Maleficent_Id,1,2,3
opulent321,1,4,5
waratah__,1,1,2
Charlotte_D_Katakuri,2,4,6
Hi-Tech_Low-Life,1,1,2
Imaginary_Passage431,1,59,60
pyrymikko,6,4,10
Murein,1,17,18
UTUSBN533000,8,3,11
beingfe,1,1,2
kuasha7,2,1,3
Luka87uchiha,1,5,6
crua9,4,50,54
Seat_Mediocre,1,1,2
rad_change,1,1,2
rlanham1963,4,4,8
jddigitalchaos,1,1,2
GateUnited,1,1,2
hinchlt,2,2,4
Ophelia-Yup,3,4,7
lexicographile,2,3,5
Candid_Bookkeeper_21,2,2,4
friskfrugt,2,4,6
jsbarzr,2,1,3
elcric_krej,1,3,4
ElendX,1,5,6
OurEdenMedia,1,3,4
AsleepInLecture,1,1,2
harryf,1,1,2
JoMarchie1868,1,5,6
narranlaser,1,1,2
anonymous0x9,1,1,2
shmucksolea,1,1,2
starsblink,1,10,11
jr_planet_earth,1,2,3
wildcathistorian,1,2,3
jmugan,2,4,6
Real_Cryptographer82,1,1,2
chjesper,1,6,7
selfdistruction-in-5,1,2,3
BonzoAndBonzo,1,2,3
Smasborgen,1,1,2
Chee_Bot,1,1,2
Crafty_Rate_6409,1,1,2
gojira-is-real,1,7,8
OptionsMercenary,2,1,3
jacyanthis,6,6,12
YoanB,1,3,4
mascachopo,1,85,86
minde0815,1,2,3
Artemistical,2,1,3
Swagosaurus_Sex,1,1,2
sediba-edud-eht,1,3,4
sheakshek,1,1,2
bakjar,1,3,4
VOAYNV,1,1,2
trevelyan22,1,5,6
Would-Be-Superhero,1,11,12
sugaarnspiceee,1,7,8
freestyle-scientist,2,2,4
HU55LEH4RD,1,1,2
aegeanrain,1,10,11
The_Real_Holmes,1,32,33
Routine_Play_506,1,1,2
ksapatupov,1,1,2
NaimKabir,1,7,8
Jettpack_of_the_Dead,1,9,10
someonewhowa,1,9,10
DragonForg,1,32,33
-noiji,1,1,2
Indianbeerboy98,1,1,2
Commercial_Bug_3726,1,1,2
Redditditditdahdo,9,3,12
apopDragon,2,10,12
synthesia-io,3,2,5
Ranvier01,2,4,6
Calm_Replacement8133,1,10,11
notrealAI,3,8,11
tommos,2,6,8
rperciav,3,2,5
sunimari,1,3,4
HorrorCharacter5127,9,17,26
b1onix,2,7,9
darkened-foxes,1,2,3
briancady413,4,2,6
joeys77,2,2,4
usman280622tech,1,4,5
Max_vrlec,1,7,8
somecentristdude,1,1,2
MobiClub,1,1,2
cavedave,1,1,2
caonim,1,2,3
ajaykfr,1,1,2
natematias,1,2,3
8lbscarrots,3,1,4
Bottaaa,2,1,3
MattUnlimited,2,6,8
sdraz,1,3,4
datboy1986,1,1,2
theindianappguy,1,1,2
Maddhatter00,1,1,2
Built-in-Light,1,13,14
bashup2016,1,3,4
carlsagandotcom,1,1,2
Juggalo_holocaust_,1,6,7
DangerStranger138,3,11,14
theausinstitute,1,1,2
Chris_ChargedEV,2,2,4
systemization,2,7,9
garrotteschmote,1,1,2
IWantToBeweve,1,14,15
GurlPowerr,2,2,4
tengl,1,7,8
mistborn_feruchemist,2,6,8
SilhouetteMan,2,2,4
RTZCrushes,1,1,2
Penis_Envy_Peter,1,5,6
xstick,1,5,6
NovaOrigin,1,4,5
NinoPortschy,2,1,3
pinypunyPany,1,3,4
BrighterGreen,1,1,2
benfelix1,2,2,4
LuckyLaceyKS,2,3,5
KangarooJack5,1,4,5
Warrior_Scientist,1,2,3
WorldandSportsNews,1,1,2
awking70,1,2,3
Gab-Aguiar-Noury,4,4,8
kakarot98,1,1,2
natureisbestNFT,1,3,4
I_loveu3000,1,1,2
teiqyriwnwjfbsosne,1,1,2
BlargAttack,1,1,2
billyp245,1,1,2
frightenedbabiespoo,1,17,18
Deluxe_cake,3,1,4
Current-Development5,1,4,5
eatyourface8335,1,3,4
Ant1pal,1,1,2
thecosmic_explorer,1,4,5
IntoTheToxicJungle,1,4,5
QualifiedApathetic,1,75,76
Coopossum,1,6,7
MonkeyWithTheMohawk,1,3,4
slip-7,2,1,3
CraftyTim,1,1,2
shane_4_us,1,1,2
smartfoodsafe,1,1,2
dxb1x,3,5,8
GlassAmazing4219,1,8,9
2anapqc,1,4,5
AccomplishedMouse578,1,2,3
TouchMy_no-no_Square,1,1,2
Doener23,23,1,24
AssociationNo6504,1,10,11
iantheintrepid,1,1,2
d00m_sayer,3,1,4
ManofManyTalentz,3,3,6
808gecko808,5,2,7
jnordberg,1,5,6
earlofcuntembury,1,4,5
etheronipizza,1,5,6
therealgeorgebest,2,1,3
28052020,1,3,4
redkemper,5,1,6
Longjumping-Tie-7573,1,31,32
variraptor,1,1,2
Tripwir62,2,8,10
theshevtsov,1,1,2
EnergyVoice,3,2,5
Hot-Profession-9831,1,59,60
kuaksmedia,1,1,2
netsec_burn,2,2,4
dustysaxophone,1,3,4
The_Eyesight,2,2,4
JEF_300,1,6,7
Impressive-Matter490,1,1,2
L2K-CoIn,1,1,2
erebospegasus,1,4,5
rherbom2k,8,8,16
d3vp1r,1,1,2
Gustavo-Manaka,1,1,2
Wishmecake,1,1,2
jammaxxus,1,1,2
MonkeysDropMuchAcid,1,2,3
Sasuke_1738,5,22,27
Dramatic_Waltz_3645,2,2,4
eNTheKno,1,3,4
Ill_Operation3937,1,5,6
radioli,1,5,6
askchris,1,1,2
kingosbingos,1,1,2
ferhanmm,1,1,2
InevitableBig2070,1,1,2
Acomax,2,1,3
Ideas_Sleep,1,2,3
lakuma,3,1,4
Aurhasapigdog,1,2,3
oopiex,1,2,3
hellfeu977,1,1,2
I_D0nt_pay_taxes,1,2,3
SillyTrain,1,3,4
jahooma_logicbox,1,3,4
EyesAreMentToSee333,1,4,5
CoherentPhoton,2,4,6
Ianpeepee,1,2,3
socialnerdia,1,1,2
FenaPugi,1,1,2
Quick_Water_6058,1,1,2
Cakeninja69,1,13,14
JojoTheViking,1,2,3
tzigane,1,1,2
3d_polygon,3,2,5
epic_jefferson,1,2,3
adt,1,4,5
Iitecoin,1,1,2
Electron_genius,1,6,7
Sc1504,1,1,2
trievan,1,1,2
Ohsvydkd,2,3,5
miso25,1,1,2
atdoru,1,1,2
Shuck,1,2,3
Waras2000,1,18,19
IveSeen_Before,1,3,4
Zealousideal-Cup-227,1,1,2
Dexter263,1,1,2
positivitydrivers,3,1,4
RolfEjerskov,7,22,29
Immortalitea,1,1,2
anonymous65789568,2,8,10
ApocalypticApocalyps,1,1,2
borntobemild-,2,4,6
loudship123,1,3,4
DizzyExpedience,1,1,2
Dry_Entrepreneur6603,1,1,2
Live-Breath9799,1,7,8
hexagon33,1,1,2
Prestigious-Hat8548,1,2,3
HyugenAI,1,4,5
billy-bumbler,2,1,3
MammothTankDriver,1,20,21
HemingNoWay,2,1,3
nousomuchoesto,1,5,6
cybertej2904,1,1,2
Mysterious-Cloud102,1,1,2
thumbsdrivesmecrazy,8,1,9
angelasymons,1,1,2
Va3Victis,1,1,2
digitalgoldnow,1,1,2
Thomas_Sanuco,2,1,3
unicorn2go,2,1,3
NoPhilosopher6636,1,1,2
something1234some,1,1,2
the80srobot,1,5,6
SharonJYoung,1,1,2
SetMau92,9,2,11
Switch_B,1,1,2
I_HaveA_Theory,1,7,8
therealtinasky,1,1,2
DarthBog,1,1,2
axialxyz,5,2,7
mabtaly,1,3,4
yumiifmb,2,3,5
PsychJazzy,1,3,4
ronin_khan,1,14,15
AcceptableSolution20,1,1,2
Maskerade420,1,10,11
Sourcecode12,1,1,2
Zazzmar,2,2,4
we0k,1,3,4
Jackkk9000,1,2,3
cdin,1,9,10
Dry_Chef_264,1,1,2
CattleIllustrious705,1,1,2
Skyerde01,1,1,2
PBR--Streetgang,2,1,3
KyokuroAkashi,1,2,3
Heirophantagonist,1,5,6
WabuhWabuh,1,2,3
resya1,1,1,2
disrupt_the_flow,1,2,3
Neat-Log5838,1,1,2
johnnygetyourraygun,1,1,2
AlexTanos,1,1,2
valentinsocial,1,1,2
snusknugen,1,1,2
Crazy-Mall-5301,1,2,3
treesandtrenches,1,1,2
Specialist-Comb-2743,1,1,2
Ok_Hope_8507,1,8,9
Razariousnefarian,1,28,29
avik_d,1,1,2
Outrageous_Trick5458,3,2,5
DifferenceLittle1070,1,1,2
soulsnatch3r23,1,1,2
LambdaPhage_,1,1,2
lotuselise78,1,4,5
OnlyTwoG,1,2,3
Angle_Matters,1,1,2
section43,2,1,3
cocaine-cupcakes,1,1,2
ohnoh18,1,1,2
beerbellybegone,1,1,2
openedwire,1,4,5
imakeplasma,1,11,12
3sperr,1,5,6
JH_1999,1,4,5
Forsaken-Leopard6750,1,1,2
PerceptionMaterial47,1,1,2
Kanute3333,1,2,3
Primary_Gazelle_5075,1,5,6
Opitmus_Prime,1,2,3
chronck,3,1,4
NeuroptimusPrime,1,1,2
captainconway,1,1,2
TheJet1515,2,1,3
MidlifeOnEarth,1,8,9
Useful_Celery_7733,2,1,3
Cavalierf0x,1,2,3
knowherealallatonce,2,1,3
Victory_Petal_2544,2,1,3
Lollercakezorz,1,2,3
TaviOcan,1,1,2
amirhamdy45,1,1,2
Wikikiki-com,1,4,5
ANil1729,1,1,2
VICENews,1,1,2
Imaginary_Ad6065,1,4,5
ellegriffin,1,1,2
Sad-Bathroom8500,2,2,4
Zarathuuustra,1,2,3
CutEmOff666,1,1,2
BurstYourBubbles,4,1,5
tis_avionics,2,1,3
reinhardt2022,1,1,2
HasAlgae,1,2,3
XxHostagexX,1,1,2
AUFunmacy,1,5,6
adamantroy,1,3,4
Glittering-Mistake56,1,1,2
Slowlyski,2,2,4
f00dl3,1,3,4
bearjew64,2,2,4
MeronDC,6,1,7
Spirited-Meringue829,1,11,12
RushTheAttack,2,1,3
Inside-Meeting-2541,1,1,2
linxlad,2,1,3
TrainFan244,1,4,5
bultman_harrison,1,1,2
ProudDig6344,1,1,2
bablebooee,1,2,3
sigul77,1,1,2
electrify_all_things,1,1,2
Famous_Coach242,1,1,2
sinjoror,1,1,2
DayExternal7645,2,1,3
Working_Ad3767,1,1,2
socookre,1,1,2
PuzzleheadedMeal4536,1,1,2
decafcovfefes,1,1,2
Dutch1954,1,5,6
taxtt,1,1,2
Old_Height_9219,2,15,17
aiaaidan,2,3,5
Adunaiii,1,2,3
greentea387,1,1,2
Reach-for-the-sky_15,2,1,3
Interesting-Ad-9986,1,2,3
yimmy51,1,1,2
masterile,2,16,18
IDislikeHomonyms,4,9,13
sheppo42,1,1,2
OmThepla,1,3,4
DerBoeseGolfTDI,1,1,2
WhichEdge,1,1,2
Exciting-Phrase-684,2,2,4
Jacmac_,1,1,2
1316Midnight2419,1,3,4
Sharp_Chair6368,1,3,4
TheBestinHealth,3,8,11
ItsOk2PeeSittingDown,1,1,2
LaserPhotonicsUSA,1,1,2
Anderson069,1,1,2
_blue_heat_,1,1,2
patient-Spring-4,2,1,3
decentralizedmemes,1,3,4
pagizer111,1,1,2
PatatasFrittas,1,1,2
DNAandRobots,1,1,2
spacewolfcubbs,1,4,5
Memorysoulsaga,1,2,3
Unique_Debate5208,2,3,5
StreetDumbo,1,2,3
GusTheCrow,1,1,2
sinhababri,1,1,2
jermoi_saucier,1,2,3
EsportsAdmin,1,2,3
No_Expression2878,2,8,10
Sourcefour,1,1,2
Mr-Jings,1,2,3
anone79,1,3,4
qptbook,2,2,4
jwright100,1,1,2
BurtBruh,1,1,2
Ill_Connection3058,1,1,2
Mysterious-Grand-787,1,1,2
aarffy,3,1,4
ben_ham,1,1,2
Born_Anywhere_6511,1,1,2
Suspicious-Spend-415,1,5,6
trafalgar28,2,2,4
TheComputerPro,1,2,3
CovexYT,2,1,3
Bangingbuttholes,1,1,2
otvortex,1,1,2
Sarigolepas,1,1,2
Present-Ad6547,1,2,3
Smart_Aide_3795,2,2,4
SotiresZ,1,1,2
General_Riju,2,1,3
febinmathew7,1,1,2
LobsterInYakuze-2113,1,1,2
__sandeepan__,1,2,3
motiveflikr,9,3,12
InfoOnAI,1,2,3
reliable_specs,2,6,8
AmericanMonsterCock,1,2,3
MorcillaFeroz,1,1,2
Fair-Manner778,1,1,2
ComfortableSea3715,1,1,2
Lowleight,3,2,5
TerminatorGPT,1,1,2
oneplusoneequals3,3,3,6
martianmonro,1,1,2
NarrowImplement1738,4,1,5
alixme,5,1,6
Dooraven,1,2,3
Business_Pin4533,1,2,3
michaelscodingspot,1,3,4
miteshrajpure,1,1,2
Old-Outside-7642,1,1,2
Richarco,1,1,2
NewDiscourse,1,1,2
Scope_Dog,1,297,298
Gagarin1961,3,991,994
Hyperion1144,1,58,59
FrozenMrPotato,1,237,238
Flimsy-Union1524,4,35,39
howaboutthattoast,1,47,48
Daktush,3,23,26
DukeOfGeek,8,425,433
maskedpaki,1,720,721
wyndwatcher,25,32,57
PixelizedPlayer,1,428,429
Huijausta,2,61,63
upyoars,202,439,641
malongoria,1,134,135
TheInternetShill,1,8,9
Tough_Gadfly,1,10,11
WaitformeBumblebee,1,685,686
YsoL8,1,470,471
strange--alien,1,47,48
Josquius,1,201,202
TylerSpicknell,28,94,122
killer_cain,1,130,131
Viper_63,1,535,536
altmorty,204,802,1006
curiously_clueless,1,47,48
DocMoochal,4,184,188
QuartzPuffyStar,1,117,118
TheFerretman,2,105,107
Ignate,4,893,897
mhornberger,25,2161,2186
Surur,53,5405,5458
loopthereitis,2,574,576
Shiningc,4,368,372
Dr_Doom2025,1,2,3
Appropriate_Ant_4629,7,89,96
Dr_Singularity,496,285,781
CAElite,1,75,76
Seandouglasmcardle,1,39,40
mindpoweredsweat,1,33,34
Pleasant_Ground_1238,13,22,35
-Akinoe-,1,6,7
lunchboxultimate01,13,1206,1219
cowlinator,1,328,329
George_Joestar,3,173,176
141_1337,6,96,102
cartoonzi,48,149,197
nom420,1,155,156
Necessary-Celery,3,507,510
In_der_Tat,1,46,47
Sariel007,105,148,253
joachimraffe,5,319,324
thispickleisntgreen,243,865,1108
YaAbsolyutnoNikto,5,124,129
Rear-gunner,11,96,107
Sawses,1,596,597
The-Wizard-of-Oz-,1,80,81
monkfreedom,114,78,192
robdogcronin,9,138,147
lurkerer,1,181,182
Sirisian,16,944,960
DerekVanGorder,1,68,69
FedUpWithEveryone,22,227,249
noelcowardspeaksout,5,343,348
xmmdrive,2,156,158
Nkechinyerembi,1,118,119
born_in_cyberspace,1,35,36
twilight-actual,1,136,137
ky_LR,1,9,10
MikeT84T,1,55,56
abbumm,6,35,41
spunchy,1,13,14
isamson,12,14,26
Needleroozer,2,112,114
dianoxtech,1,9,10
SprinklesFederal7864,17,7,24
grafknives,1,133,134
QuantumThinkology,748,59,807
DungeonsAndDradis,1,54,55
guy_from_iowa01,2,30,32
LDG192,1,17,18
Theoneandonlybigmoe,1,11,12
Mucus_Plug08,1,8,9
desi_guy11,2,40,42
Summerroll9,1,34,35
Secular_Atheist,1,1,2
Catalyzingprosperity,2,46,48
BraveLittleTowster,1,26,27
pizza_science,1,136,137
newleafkratom,2,22,24
B-Money888,1,1,2
jarekduda,1,9,10
Heymelon,1,18,19
psychothumbs,10,68,78
jharel,1,36,37
devi83,1,241,242
ScissorNightRam,1,23,24
bbbbbbbbbb99,3,67,70
DualitySquared,1,100,101
Accomplished_Touch24,1,8,9
cybercuzco,1,524,525
LoneCretin,11,29,40
Awkward_moments,6,267,273
soy_el_capitan,2,42,44
svetambara,1,15,16
ChaoticObsidian,2,16,18
Soft_Shirt3410,1,5,6
christiandb,1,94,95
brandyellen123,2,9,11
Chris-1235,1,38,39
khdietrich,1,6,7
Chris_in_Lijiang,4,74,78
johnpseudo,1,115,116
Markqz,1,143,144
validbreadth,18,15,33
bravetaco2,1,28,29
yasirabc,4,6,10
mvea,9,17,26
Downvotesohoy,1,44,45
ImLivingAmongYou,4,132,136
squintamongdablind,2,8,10
mindofstephen,2,9,11
Agent_03,9,391,400
leoyoung1,1,46,47
nihiriju,1,68,69
youlostthewarwehrs,4,26,30
xena_lawless,1,31,32
Buck-Nasty,23,32,55
farox,1,42,43
forcedaspiration,1,11,12
xArchAngxl,1,1,2
ThirtyMileSniper,1,315,316
Assume_Utopia,1,61,62
Mercer179,1,2,3
leosouza85,4,15,19
autouzi,1,14,15
alohalii,2,32,34
abcde123edcba,1,3,4
thatsnotamotto,1,7,8
KJ6BWB,11,274,285
__JDQ__,3,19,22
ten-million,2,256,258
mudman13,12,216,228
lebookfairy,1,9,10
rob_burnley,1,18,19
Guesserit93,2,5,7
seaflans,1,23,24
funnyboyjazz,9,8,17
rosesandtherest,1,39,40
tbuyus,1,2,3
AbaloneSea7265,1,41,42
fitblubber,1,77,78
ChaoticMathematics,6,91,97
DomPachino,4,5,9
lnfinity,5,54,59
DeviousBoots,1,3,4
creaturefeature16,1,98,99
Rocket2112,7,48,55
Globalboy70,2,52,54
magnetfilling,2,15,17
GenocideSolution,1,38,39
gmb92,2,34,36
daking999,2,46,48
a1000p,2,3,5
tilman2015,1,69,70
uw888,1,3,4
RichyScrapDad99,6,5,11
Apple1284,2,34,36
cooeeecobber,1,5,6
fighterace00,1,93,94
pouya02,2,4,6
Dumpster_slut69,1,32,33
totalgunit,1,6,7
Firm-Boysenberry,1,11,12
xSNYPSx,3,7,10
anon57842,3,22,25
already_vanished,8,10,18
WombatusMighty,5,196,201
jakers036,1,1,2
GameShill,1,78,79
JohnnyMnemo,1,45,46
peterthooper,1,107,108
rohitpandey576,1,22,23
StartledWatermelon,2,85,87
WallStreetDoesntBet,147,170,317
Uppah1337,1,8,9
pnw-techie,1,66,67
AtlanticBiker,6,487,493
darth_nadoma,35,85,120
OldThymeyRadio,1,11,12
Spiced_lettuce,2,37,39
Splosif,2,5,7
Yaoel,1,8,9
LordMacragge,1,2,3
YawnTractor_1756,1,252,253
johnnyjfrank,1,9,10
Swftness503,3,49,52
Piksi_,2,15,17
oraclexeon,1,2,3
speed-of-light,1,8,9
Impressive_Oaktree,1,8,9
1point5guy,1,14,15
iheartstartrek,1,68,69
Hdirnberger,1,2,3
ProfitPakistan,1,1,2
thinkB4WeSpeak,38,114,152
WDMC-905,1,35,36
RichieNRich,1,155,156
Consistent-Brain-361,1,1,2
EricFromOuterSpace,66,59,125
zKRYMauL,2,14,16
efh1,8,36,44
OptimalDendrite,1,18,19
Da0ptimist,1,25,26
Glittering-Tonight-9,2,4,6
jumboseafood,5,21,26
8to24,2,279,281
jbales33,1,4,5
Ok-Lab-3553,1,34,35
Surrendernuts,5,12,17
fables_of_faubus,1,6,7
Technocrates_,5,28,33
Aldirick1022,2,16,18
Helasri,2,25,27
Z3r0sama2017,1,288,289
satish_gaire,9,10,19
raatoraamro,1,25,26
eTukk,1,4,5
RedArrow1251,1,87,88
opulentgreen,4,164,168
fresh_ny,1,68,69
MadWitz,1,5,6
The_Falling_Man,2,9,11
ChadFuckingThunder,1,35,36
steve-rodrigue,1,7,8
gartering0oxe,2,5,7
Zomaarwat,1,16,17
Aeromarine_eng,47,65,112
fly_high_guy,1,7,8
Ok-Release-9972,1,1,2
Fraun_Pollen,1,78,79
uppitymexican,4,29,33
Leprechan_Sushi,24,112,136
weed-Wonka,1,2,3
JackAubrey01,2,11,13
-Voyag3r-,1,16,17
cashgains,1,2,3
Ye_Olde_Rubber_Duck,1,2,3
JacobDCRoss,1,6,7
Qwahzi,2,13,15
LudereHumanum,1,12,13
Bethlen,1,19,20
bartturner,4,49,53
Electronic_Release76,1,14,15
Donpabloescobar,6,13,19
Bananawamajama,1,207,208
KangarooMyDoo,2,1,3
BluntBastard,1,24,25
florian224,12,11,23
another-masked-hero,1,15,16
khlnmrgn,1,14,15
Kuentai,2,24,26
MrDreamster,1,4,5
DrTxn,1,134,135
letourpowerscombine,9,6,15
Dry-Tone-1500,2,2,4
Euro-Canuck,1,10,11
filosoful,283,292,575
mancinedinburgh,40,44,84
brianpeiris,2,5,7
KurtIncline,1,1,2
prototyperspective,9,51,60
TRIGGEREDharambe2018,1,1,2
talkingplacenta,2,3,5
CyborgWriter,5,21,26
skunk_ink,1,140,141
John_Wang,1,4,5
iridescentrae,8,38,46
safely_beyond_redemp,1,56,57
RuffeTrade1,1,21,22
sjfiuauqadfj,1,17,18
sstiel,4,7,11
CruisinLS,1,1,2
Crypt-B,2,7,9
OwnMaybe4108,1,7,8
wellifitisntmee,2,20,22
Pkmatrix0079,1,79,80
testuser1500,2,10,12
smalltowninhabitant,1,14,15
nickkangistheman,1,49,50
gordonmcdowell,1,3,4
redricblue,1,11,12
MsKim,2,12,14
Commando_Joe,1,15,16
zabadoh,2,61,63
thebusiness7,1,49,50
ro_musha,2,1,3
jamesj,3,40,43
Fix_a_Fix,1,21,22
SkyfireFace,1,17,18
SatansMoisture,2,131,133
MinimumMonitor7,1,47,48
Oxide_Orion,2,11,13
LilianaCole,1,2,3
octopod-reunion,1,20,21
DukeOfZork,1,10,11
AtomGalaxy,4,121,125
Tifoso89,1,64,65
MyMomIsBetterThanYou,4,40,44
Sleepy_C,2,1,3
OnlineShadow,1,1,2
Just_Another_AI,2,57,59
jimogavlin,1,1,2
AlbertoRomGar,17,44,61
Drahy,7,26,33
ElSquibbonator,1,16,17
Draupa,1,10,11
RichieTB,1,9,10
tubulerz1,1,8,9
jfrosa,1,1,2
Standard-Can-8656,1,8,9
enueve,1,2,3
Dajte,1,22,23
resdaz,2,178,180
AcesOverPacific,1,8,9
CognitiveFart,1,11,12
Darth_Kahuna,12,117,129
alexbeyman,4,121,125
AndyBales,1,1,2
SinbadMarinarul,11,8,19
jbrennan36,3,2,5
GuavaExplains,2,1,3
Thenerdy9,3,60,63
Furebsi,11,5,16
sustainablereview,2,3,5
drewiepoodle,3,2,5
BanditBrain,1,2,3
BousWakebo,57,66,123
PresenceSalt922,3,15,18
FlutterRaeg,7,99,106
myalt08831,1,43,44
Ukleon,1,5,6
knickknackrick,1,29,30
Adoom98,1,11,12
Not_a_N_Korean_Spy,1,108,109
oed-guide,5,3,8
__The__Anomaly__,16,70,86
nastratin,54,59,113
TheLianeonProject,1,59,60
isaiddgooddaysir,1,56,57
reelclasskona,1,1,2
ghostisnakeleg,1,14,15
jamiewoodhouse,5,3,8
Rajanaga,1,83,84
1991viet,3,4,7
bizmarkie24,1,1,2
empyre20,1,1,2
So_spoke_the_wizard,1,27,28
mariospants,1,2,3
ResponseNaeen,1,1,2
RedErin,1,10,11
iCANNcu,1,18,19
DeathFighter1,1,79,80
ApocalypseYay,6,26,32
yadavvenugopal,2,6,8
FrankExchange0fViews,1,45,46
organazized,2,3,5
-VAS-,1,9,10
Bignosedog,1,6,7
eliers0_0,1,5,6
IluvBsissa,12,68,80
themimeofthemollies,11,85,96
xcalibre,1,19,20
dr_freeloader,1,5,6
LibertarianAtheist_,8,386,394
maretus,1,204,205
Gmroo,2,10,12
lorecirstea,1,2,3
SolemnTraveler,1,12,13
Nergaal,1,29,30
Laserous,1,20,21
tits_mcgee_92,1,3,4
Fluffy_Friends,2,150,152
SkiboNRG,2,9,11
_XYZ_ZYX_,3,4,7
NoShadowFist,1,6,7
adam_dorr,4,27,31
TZYRTM,2,12,14
riding_the_line,1,1,2
coolwhip97,1,8,9
simon_with_the_scoop,1,1,2
silentperception88,1,1,2
itsallshit-eatup,5,9,14
yeetsfeetsdeletes,1,10,11
Franklin-Johnson,1,2,3
AnnaBishop1138,7,6,13
Cinderbike,3,11,14
CAHydrogenCoalition,1,1,2
SnoozeDoggyDog,6,9,15
DragonfruitOdd1989,8,52,60
dryuhyr,1,12,13
schizoscience,2,12,14
HugNup,20,20,40
thefoodboylover,8,3,11
doctor101,6,4,10
Spiffydude98,1,72,73
Mother_Welder_5272,2,91,93
aaronal3x,1,5,6
Realtrain,1,35,36
GatewaytotheStars,1,6,7
pwillia7,3,12,15
PinchiChango,1,3,4
mafco,14,96,110
stingingsore,1,2,3
Warm_Ice_Cream,1,1,2
Old7777,23,42,65
Successful-Scratch73,1,1,2
Bluest_waters,2,27,29
mrcosmicpvp,1,4,5
InvestingInStartups,2,12,14
Surtock,1,4,5
drhon1337,1,25,26
Drkr,2,54,56
Publicize,14,13,27
brdgarchive,1,6,7
outerspaceshack,5,24,29
polithspolitis,1,2,3
breakawayswag3,1,5,6
ApplicationLimp405,1,4,5
FutaWonderWoman,3,7,10
ShortPutAndPMCC,1,35,36
Blue_Is_Really_Green,2,13,15
songokusan420,1,3,4
SVTSkippy,1,6,7
stepsinstereo,2,3,5
sandcrawler56,1,22,23
CryptoChief,1,2,3
FourTheFuturePod,2,2,4
Electronic_Barber665,3,5,8
BlitzOrion,2,3,5
Lilyo,11,17,28
eyewhycue2,1,22,23
Fluoroscopic,1,25,26
nnnaikl,1,8,9
GraftedScalpel,1,3,4
CommunitySafetyWatch,1,6,7
LegVegetable7913,1,1,2
gregnoone,2,6,8
DaleCoopersWife,1,4,5
ASK_ABOUT__VOIDSPACE,1,6,7
operator619,1,1,2
theglandcanyon,1,43,44
themedichef,1,2,3
Miserness,1,8,9
_FuturistechInfo,4,9,13
pistruiata,11,11,22
heansepricis,1,16,17
CozyBlueCacaoFire,1,10,11
Aranore,1,22,23
v-shizzle,1,4,5
lotharzbt,1,2,3
Beautiful_Fish3201,2,7,9
phife_is_a_dawg,1,2,3
LimpShrimpDick,2,18,20
mikaelus,1,9,10
InternationalArm4463,4,6,10
roughravenrider,4,8,12
Strict-Marsupial6141,1,1,2
deron666,5,1,6
ScienciumX,1,4,5
nakulraman,2,2,4
shallah,11,15,26
Change_petition,3,38,41
degenerate_trader420,1,2,3
bigmammy30,5,6,11
Knightoflemons,6,5,11
electreon_asshole,1,13,14
worldmobilemod,1,2,3
apotheotix,1,1,2
er1end,1,2,3
Gravelsteak,1,2,3
d3faultdotxbe,1,4,5
KingKazma25,1,3,4
Primo2000,1,3,4
ChewbaccaEatsGrogu,1,21,22
ProfessorBarium,1,6,7
nikostzagkarakis,3,2,5
LambdaAU,1,31,32
Defaced_Reality,1,2,3
Mansa_Sekekama,3,9,12
mantsz,1,1,2
CaptainSeitan,8,39,47
mkiob,1,1,2
MoreGull,1,5,6
LiciniusRex,2,21,23
Any-Assistance28,1,2,3
astralfenix_chess,1,1,2
GemOfTheEmpress,1,8,9
Granpa0,1,11,12
crepuscopoli,2,1,3
Devilsadvocate430,1,3,4
PhotonicsWest,2,1,3
idapitbwidiuatabip,2,23,25
lupius_mohnschein,1,36,37
KultofEnnui,1,32,33
alakeya,1,27,28
vonBenold,1,2,3
TheAbcedarian,1,31,32
ATGS-destiny,1,3,4
ljus_sirap,1,14,15
bob4256,1,33,34
CanadianRoboOverlord,2,12,14
Bombsawayboy,1,2,3
wejo_HQ,2,5,7
4DayWeekUS,1,1,2
BW6611,1,2,3
goodfoodinstitute,1,1,2
cuolyman,1,5,6
afriganprince,1,5,6
delta_p_delta_x,1,9,10
soreff2,1,31,32
guterhund,1,1,2
FrankOneStone,1,5,6
tDANGERb,2,15,17
JMAAMusic,1,2,3
positive_X,1,17,18
Thin-Antelope9347,1,17,18
turdidae,1,3,4
ex1stence,1,46,47
BeginnerInvestor,1,4,5
TraditionalCry6958,4,7,11
problemtaco,1,1,2
SuperHans9000,1,19,20
tawhuac,1,14,15
Le_Poufre_Bleu,2,27,29
FranciscoJ1618,1,22,23
WASDx,1,18,19
xPrimer13,1,1,2
KaleidoscopeIcy7620,1,2,3
Historical-Object374,3,8,11
climeworks,9,56,65
Putr,1,5,6
davekaran,1,1,2
leanman82,1,14,15
David_AWMT,1,1,2
Willheimer,1,13,14
Beast_Mastese,1,1,2
felix_using_reddit,1,12,13
dark-warrior-11,1,2,3
BustaChiffarobe,1,33,34
KittyChampion,2,4,6
TheOnlyDankWizard,1,1,2
jcpinbkk,1,1,2
Avieshek,12,53,65
TheSkewsMe,13,71,84
StoneColdCrazzzy,1,1,2
darkshadow609,1,4,5
RamslamOO7,1,6,7
with_the_force_be,2,3,5
loldoge34,1,13,14
Dematin,1,1,2
PaleAbbreviations950,1,17,18
_613_,2,5,7
mrlunaverse,1,2,3
Detailedmist33,1,1,2
jivatman,4,4,8
OtherwiseScar9,1,6,7
gulaboy,2,2,4
Ambitious-Toe4162,4,15,19
RGCheek,1,4,5
sabrina_sabrina_,1,1,2
Political_Target,5,3,8
DeepakPillai,2,1,3
WehnerEd,1,4,5
zandarzigan,1,3,4
thisdodobird,2,87,89
RiskGroupLLC,3,1,4
007rjbgp,1,2,3
InternationalIdeal61,1,1,2
krautastic,1,33,34
Medieval_Knievel_,1,5,6
handanial,2,2,4
Waviavelli,1,1,2
BovineLightning,1,6,7
dw2cco,2,49,51
Fun-Bug1060,5,6,11
Eben_D,1,4,5
vexednex,1,2,3
a_Ninja_b0y,18,7,25
mdurgesh,1,2,3
ProfessorSoCool,1,1,2
Itomyperils,1,8,9
Lucky_G2063,1,6,7
Otarih,5,3,8
Upbeat-Illustrator44,1,9,10
Ambitious_AK,1,1,2
Vorbitor,2,2,4
kry_some_more,1,2,3
kekyeeat,2,4,6
schnuck,2,21,23
Bright-Dig-6665,1,1,2
yourSAS,9,11,20
EightpennyPie,1,3,4
crosiss76,1,8,9
itsPusher,1,2,3
idarknight,25,20,45
Jerasunderwear,1,3,4
machlamethelus,1,1,2
Point_Accurate,1,14,15
HShahzad108277,2,2,4
Neuroscientist_BR,1,8,9
LovecraftianQualtoth,2,20,22
readball,1,6,7
xenonamoeba,3,5,8
Frodolives101,1,3,4
Pavel_Baidurov,4,3,7
JoaozeraPedroca,1,11,12
RuttaDev,1,3,4
wulfgang,1,6,7
kenjutsu2412,1,1,2
Nonofyourdamnbiscuit,3,56,59
glenniszen,1,1,2
RoutineProcedure,3,2,5
bearz_II_bull,1,3,4
Idar77,1,2,3
levijohnson1,1,1,2
nepyope,1,2,3
fractalspace,2,10,12
Savings_Musician_917,1,2,3
DelightfulBoy420,1,2,3
Luther2637,1,26,27
toiletbrushes,1,6,7
memedreeam,1,3,4
CpnFluster,1,3,4
Litvi,7,1,8
EstevanMod,1,3,4
Entire_Average_7339,1,3,4
Dry-Calligrapher-570,2,8,10
TogiDesigns,1,26,27
Cbrite77,1,8,9
supercaz,3,1,4
ChangingWar157,1,1,2
99claptrap,1,3,4
POMCube,4,1,5
chillyjr,1,2,3
Generically-George,1,1,2
diogo_ao,1,8,9
fishmanprime,1,3,4
courtimus-prime,5,39,44
HannoPicardVI,3,1,4
CricketOk4046,1,7,8
aramakiscalzinov,2,2,4
dirtee_1,1,10,11
the_ajan,1,2,3
Tigydavid135,2,6,8
LedgerColson,2,5,7
-Alter-Reality-,1,8,9
VuurniacSquarewave,1,10,11
Different-River-8258,1,28,29
RationalNarrator,5,4,9
provider305,1,1,2
supmandude,1,1,2
ltong1009,1,15,16
MIIAIIRIIK,39,4,43
OldCarWorshipper,2,6,8
SpaceInstructor,5,4,9
piezod,1,3,4
armzngunz,1,5,6
okietarheel,1,1,2
simplyykristyy,1,2,3
Stephen_P_Smith,4,6,10
RequiDarth1,1,27,28
iamyouareheisme,1,4,5
CommitteeI3680941,1,1,2
rleslievideo,1,14,15
GregMcdougall9,1,6,7
Made_of_Cathedrals,1,2,3
WelcomeToTheJaceSpam,1,2,3
bpra93,11,2,13
kpsIndy,1,5,6
Scientific_Thinking,1,14,15
NhoEskape,1,1,2
thebelsnickle1991,11,10,21
Rirotto,1,6,7
dabidoYT,1,7,8
creative1love,1,1,2
vicarious_simulation,1,3,4
Whyamiani,1,1,2
eatingbunniesnow,1,4,5
yun_den,4,4,8
just-a-dreamer-,10,348,358
LeadingApartment1554,5,9,14
Ilyak1986,1,73,74
The_Logical_Dictator,1,2,3
Anth916,1,21,22
jasmcaus,2,1,3
left_eye,1,1,2
kamlaish,3,3,6
NISHITH_8800,1,6,7
BiologyNerd100,3,5,8
Frododobird,2,4,6
GoMx808-0,9,5,14
ixfd64,1,4,5
NickWrightData,1,7,8
SignalRunnerRCF,2,2,4
digitalmascot,2,5,7
ridum1,1,6,7
obergrupenfuer_smith,4,3,7
One_more_human,8,8,16
YourArbor,1,2,3
Jalen_1227,1,9,10
Defiant_Swann,6,6,12
Tyrosine_Lannister,1,11,12
Herbert-2973,3,7,10
CreepyEntrepreneur3,5,2,7
Redwinetalksss,1,2,3
Themistocles524,1,2,3
Flare_Starchild,1,10,11
ifunnywasaninsidejob,1,17,18
snooshoe,29,28,57
Invonnative,1,220,221
Tridentuk91,1,8,9
timothy-ventura,1,1,2
Creepy-Coffee1561,1,9,10
Deuce_42,1,1,2
sithhound,1,1,2
BilkySup,1,5,6
ChrisBattery,5,3,8
Mfog630,3,2,5
shitthetin,1,4,5
samplestiltskin_,3,8,11
cowboyjohnny,1,3,4
Cheshire-Kate,1,6,7
Competitive_Travel16,1,3,4
Either_Caregiver_337,1,8,9
Wise-Yogurtcloset646,1,15,16
TheBCIGuy,4,28,32
Ok-Craft-9908,4,7,11
Briz-TheKiller-,1,5,6
For_All_Humanity,10,55,65
Triangulasaurus,1,4,5
dep,1,11,12
mullman99,2,3,5
Damiandcl,1,17,18
drone_account999,2,7,9
Downtown-Green-3218,1,4,5
thesingularitylab,6,1,7
gbbloom,2,11,13
ironOxHydroBots,1,1,2
subarustig,1,5,6
gimnasium_mankind,1,3,4
Shaq14_14,1,7,8
BrightHorizons1,1,1,2
yumri,1,12,13
MOCingbird,1,5,6
galabyca,1,2,3
matthewgdick,1,17,18
COO0OOKIE,1,1,2
universityofga,12,9,21
minimallyviablehuman,1,8,9
Babladuar,1,1,2
Vronskiman,1,4,5
VictoriaSobocki,1,7,8
Inaerius,2,5,7
Asccandreceive,1,2,3
urejt,1,4,5
keepitcivilized,1,5,6
Kermitthethong,1,1,2
Acceptable-Cow-5279,1,3,4
Phi_fan,1,8,9
malcolm58,1,2,3
Aggressive_Effort_56,2,2,4
sinutzu,1,6,7
GoColombia,1,3,4
krappithyme,1,3,4
Leaky_gland,1,1,2
savuporo,4,3,7
ElVuelteroLoco,1,1,2
SueFlayMan,1,1,2
Somepix,2,4,6
Miyagisans,1,1,2
isofilmy,1,1,2
Leviathan1337,1,10,11
trees_away,1,4,5
damnnnfgh,4,12,16
ArlenWilliams,1,1,2
Mental-Comedian-6304,3,3,6
unixguru786,1,6,7
Simcurious,1,4,5
hellohellohinothanks,1,11,12
YetAnotherInvestor,1,1,2
Dismal-Dimension-756,1,1,2
Goran01,7,4,11
tristynjoshua,2,1,3
pseudocoder1,1,2,3
steel_member,1,6,7
bc_68,1,1,2
FrogsEverywhere,1,9,10
NovaStubble,1,2,3
HelloAniara,1,6,7
0f-bajor,1,1,2
LordLorq,1,2,3
ocelder,1,2,3
terminator612,1,4,5
Notelbaxy,1,1,2
kisamoto,1,5,6
taulover,3,3,6
zandartyche,1,1,2
fantastic_traveler,1,2,3
sunshinekillsall2,1,4,5
MarcusCaspius,1,3,4
foxcie95,1,2,3
ZRodri8,1,1,2
wellroundedstudios,1,6,7
H_MJW,2,5,7
ThemrocX,1,7,8
hauntedhivezzz,2,12,14
Primary-Food6413,2,5,7
hatdog-00,1,8,9
Useful-Homework-7732,1,1,2
Skoltech_,1,1,2
merien_nl,1,31,32
shezkay,1,1,2
Good_Hurry8009,3,4,7
pbulises,1,2,3
Futuur,2,2,4
orvianstabilize,2,7,9
skellis,1,8,9
djl1qu1d,1,3,4
MyAccountHacksItself,1,5,6
jenpalex,1,13,14
Bichtramngoo,1,3,4
Auburntravels,1,2,3
shadowfax2419,1,6,7
GonjaNinja420,8,9,17
rinast,1,3,4
CianPeele,1,1,2
vpuetf,12,16,28
ScipioMoroder,2,2,4
railod,2,2,4
Icee777,2,11,13
Extrogaianism,3,4,7
NLuvWithAnIndian,1,5,6
channelchek,3,2,5
KobergCapital,1,2,3
info_cellar,2,1,3
QuantumFork,1,4,5
Notreallyonreddityet,3,6,9
KriosXVII,1,19,20
ApprehensiveQuote882,1,3,4
Czarben,4,6,10
alanism,1,11,12
Vast-Celebration3976,2,38,40
llbsidezll,1,2,3
arisbe__,1,2,3
KevinR1990,1,11,12
MatTheMeme,1,1,2
Floydsolo,1,2,3
wktdev,2,6,8
vteead,1,4,5
krysteleal,1,1,2
goblinemperor,1,1,2
Weeiam,8,15,23
transtwin,1,4,5
Fambtouch5,1,1,2
F1NNTORIO,1,30,31
Automatic_Most_931,1,1,2
TransRational,1,13,14
lirecela,1,1,2
joetravers,1,1,2
averagedickdude,1,2,3
mr_grynn,2,2,4
MagicMurse,4,2,6
Nebula-Dragon,1,8,9
Outrageous-King1911,1,2,3
nowadayswow,6,2,8
MelkorOni,1,12,13
Hello100_real,6,14,20
Necessary_Ad_9800,1,5,6
Sir_Sir_ExcuseMe_Sir,1,2,3
the_floor30,3,4,7
marihutchcraft,1,2,3
Show84,1,4,5
epikcentre,1,12,13
devilsadvocado,1,2,3
Millionized,4,7,11
_Skyeborne_,1,1,2
NEWPASSIONFRUIT,1,1,2
yourbasicgeek,1,1,2
alyss0122,1,1,2
Tradovid,2,7,9
Prospero171,1,1,2
newsphilosophy,2,6,8
donutloop,4,5,9
Cobrazx,1,1,2
coffeeinvenice,4,29,33
AngusPeng,4,5,9
Trains-Planes-2023,1,19,20
sooibot,1,14,15
Sexy_Sideburns_Guy,1,6,7
KendraMontgomery,1,3,4
neneksihira,1,1,2
aWorld_Without_Money,1,1,2
Ok-Squirrel3297,1,1,2
PotentialSpend8532,1,22,23
Ryle28,1,2,3
statisticalanalysis_,1,2,3
assemism,1,1,2
Romanars,1,1,2
zrich353,1,2,3
odilasa,1,3,4
AletheaAI,2,3,5
betalloid,1,5,6
Oaksworth1,1,3,4
apostledeets,4,6,10
sandrasimmons,1,2,3
GodAtum,1,1,2
parchedwhale,1,1,2
CapnCrunchier101,1,2,3
Kiskadee65,1,4,5
KangarooHacker,2,1,3
NiahBoahCoah,1,5,6
Famous-Foundation-50,1,3,4
Space_frog-launcher,1,1,2
michaspetros,3,2,5
Alternative-Bison615,2,1,3
RAT7H,1,1,2
nep000,5,5,10
Extra_Negotiation,1,4,5
hillsump,1,2,3
asenseoftheworld,2,7,9
thejerk00,1,9,10
Itsjayyy12,1,1,2
ChungusUmungus,1,2,3
Suhail9816,1,1,2
AirspeederGrandPrix,4,5,9
dogoodsilence1,1,6,7
Alternative__Energy,1,1,2
fazeclan_mu,1,1,2
science-raven,1,10,11
badhangups,1,1,2
FangCoder,1,5,6
MediocreAd4418,1,1,2
sempiternodiscipulus,1,3,4
PeekaB00_,1,13,14
Give_Me_The_Science2,1,2,3
KalpaX,2,1,3
BiscuitOfGinger,1,1,2
Professional-Eye-540,1,3,4
Roro1985,1,4,5
TheFakeGoldenDragon,1,1,2
educationprimo,1,1,2
sgfgross,4,3,7
sloths_in_slomo,1,6,7
ImArchBoo,1,16,17
owensdev,1,1,2
hyloda,1,3,4
Scoutmaster-Jedi,1,6,7
Tyr42,1,3,4
Regular_Dick,1,26,27
dacourtbatty,2,1,3
MidToUpperAgitated,1,1,2
autistic_bard444,1,22,23
Give-Directly,3,4,7
vYzion82,1,1,2
chancellortobyiii,2,14,16
TheThinker25live,3,4,7
OpenlyFallible,3,8,11
samiiraaah,1,2,3
boxyoursocksoff,2,22,24
Plague_Dog_,5,25,30
PubertyDeformedFace,1,12,13
the_fibers3,1,1,2
jason_jones19,2,4,6
ThatSoftware4946,1,16,17
circleuranus,1,29,30
4ucklehead,1,3,4
LongevityDAO,1,5,6
ZaWarudooooooo,1,2,3
TheArchitectCode,2,1,3
aykey47,1,7,8
pthecarrotmaster,2,2,4
Techno_Logic-al,1,1,2
HiImLary,1,3,4
JimCripe,1,6,7
AlanWahn,1,2,3
dw3t,1,1,2
dgbeeby,1,1,2
alanskimp,1,25,26
curiouscitizen24,2,3,5
environment_geek,1,1,2
Kianaishere,14,1,15
vrgamerdude,2,1,3
Tender_Combo,1,1,2
hick196764,2,1,3
ata-man,2,7,9
MathCanBeHard,1,1,2
browndusky,1,2,3
sicclee,1,1,2
w_illiam,11,1,12
gentle_richard,1,24,25
s1L3nCe_wb,1,20,21
jeveuxalle,1,1,2
jpro2020,1,1,2
Weak_Cauliflower6249,1,1,2
Famous-Delivery-2685,1,4,5
Emmakayy,5,5,10
Abysswaker,1,1,2
SheekeyScienceShow,1,1,2
Abyrez,1,6,7
hastaga112,1,3,4
HermanKahn,1,3,4
gboroso,2,2,4
ADHDPI-is-really-SCT,2,2,4
Biggby72,1,1,2
Fastgirl600,1,2,3
misnamed,1,1,2
DreGu90,1,1,2
ColdQuicksand,1,3,4
erusso16,1,1,2
ILOVEMEGNUTT,4,14,18
hypetoyz,1,1,2
TonyMitty,1,5,6
Mickeymousse1,1,20,21
teaguy12,1,1,2
Ecstatic_Choice_5482,3,1,4
BorgesBorgesBorges60,8,19,27
galfightor,3,3,6
firig1965,3,3,6
Ggiov,1,2,3
wawwuly,1,5,6
anubisw,3,3,6
Choudrykashi143,3,1,4
Ebikeboi,1,2,3
JacobTheNurse,1,3,4
Ollyswell,1,2,3
DiamondsJims,1,39,40
Itchy_Education,1,10,11
Tugushin,1,1,2
JayR_97,3,11,14
FastForwardOfficial,1,1,2
augustine1121212,3,1,4
allthecoffeesDP,1,7,8
Several_Cabinet_9725,1,1,2
MaineSnowangel,1,4,5
kexpi,1,9,10
ithinkpranay,1,1,2
Daniel-Hanrahan-tng,2,1,3
Maleficent-Article64,1,2,3
Throughwar,1,25,26
Best-Responsibility9,1,2,3
meAnDdbOis_,5,4,9
UnitatoPop,1,2,3
Hiro_Pr0tagonist_,1,2,3
deeeel,1,1,2
MagisterRavn,1,2,3
veganrunner95,3,2,5
NewBuildingsInst,1,2,3
ashtell,1,2,3
billgggggg,1,1,2
intengineering,7,16,23
khrisrino,1,14,15
domesticenginerd_,2,1,3
MrMike,4,1,5
penugondaz,1,1,2
No_Maintenance_569,1,20,21
Life_Relationship_77,2,2,4
spacedotc0m,6,6,12
Siciliano777,1,13,14
Adventurous-Fall-585,1,3,4
onkizomba,2,60,62
jejone,1,1,2
sublimefunk,1,2,3
Final-Cause9540,1,3,4
pink_pook,1,2,3
TreeCutter101,2,1,3
metvid,3,2,5
fortune,2,2,4
Interaction4,1,1,2
Pemulis,1,2,3
FortuitousAdroit,1,3,4
flappingmeat,2,2,4
Paultimate79,1,5,6
Vegetable_Good6866,1,1,2
eden_soop,2,5,7
Flat-Kaleidoscope907,1,1,2
vabackcountry,1,1,2
IsraelinSF,1,30,31
soroushjp,1,1,2
trogdorsbeefyarm,1,4,5
DocWaterfalls,1,2,3
senoreggo,1,1,2
TheBlueVU,1,2,3
HaTzoref,5,1,6
humanly__possible,1,1,2
pandacat2727,2,3,5
corn_dog_22,1,1,2
cisfyaw,1,2,3
Ok-Yak-9069,1,1,2
Kindly_Coach_7373,1,1,2
JeppeRitz,1,1,2
Nateno24,1,37,38
BukowskisFire,1,2,3
Tequila_Boss,1,1,2
Drumlin,1,2,3
AGI_Civilization,10,2,12
Rug_Rat_Reptar,1,2,3
Healthy_Barber_761,3,3,6
Hot-----------Dog,1,4,5
satprepnow124,1,3,4
World-Tight,1,1,2
JeroenWillems,2,1,3
Minibersy,1,1,2
DocAndersen,3,1,4
jeremie-harris,1,1,2
DegenerateGeometry,1,17,18
pnewell,2,1,3
Atrotragrianets,4,4,8
rstlg,1,1,2
NervousOffice,1,2,3
Prithirajn,1,2,3
danielrosehill,3,2,5
saif-2000,2,2,4
gabofraga,1,3,4
onlyfanjon,1,2,3
No_Goose2198,3,3,6
humantoothx,1,1,2
futurando21,1,2,3
comandarns,2,1,3
Tall_Escape,1,1,2
BaldBear_13,1,7,8
YadiJavadi,1,4,5
TonyBanjaro69,2,20,22
tswiftdeepcuts,2,19,21
migill-66,1,1,2
frontnetcoin,10,1,11
Renu_021,5,6,11
cornishpirate,1,1,2
PunjabDa,1,1,2
python111,1,1,2
foofork,1,2,3
pasticciociccio,7,1,8
goodfaithtreaty,4,4,8
Puzzleheaded-Sky8858,1,1,2
Muted_Drop2791,3,8,11
TheRappingSquid,3,14,17
TheFlyKnows,1,1,2
Donovan200,5,2,7
needsomel0ve,1,1,2
Longjumping-Sir-28,1,3,4
baywhlr,1,1,2
SnackSize_,1,1,2
PotMen,1,1,2
A_grey_sheep,1,1,2
dmiller987,11,1,12
OriginalRecklessPark,1,1,2
Life_Is_Actually_VR,1,5,6
disoriented_llama,1,1,2
YaKaPeace,1,15,16
Alternative_Bet_191,2,1,3
Independent-Ship-894,2,1,3
Agreeable-End9328,1,1,2
aizaz-zazii,3,9,12
Ze_Bonitinho,1,5,6
Dapper_Dress9824,8,8,16
solarj_music,1,11,12
-Baloo,1,9,10
Waiwirinao,1,6,7
gavinwoodley,1,1,2
thrown_a_wai,1,1,2
Earth0fL0ve,2,2,4
LogiC1919,1,1,2
fignewtgingrich,1,3,4
TrutWeb,1,4,5
leonardfournette392,3,3,6
Marzipug,1,7,8
Unique_Ideas67,1,11,12
Available-Fly7541,3,2,5
GMRealTalk,1,1,2
esbreantatu,1,1,2
Mysterious-Status-44,1,3,4
physicsking,1,2,3
xXWarMachineRoXx,1,2,3
theatlantic,1,1,2
sq4d,2,1,3
r-0001,1,1,2
Creative_Habit_6868,2,1,3
UsefulKangaroo2674,4,1,5
interstellarblues,1,7,8
tangy01,1,2,3
Arditbicaj,1,2,3
DrWorkhard,1,3,4
Aspydur,1,2,3
JasonParm,1,1,2
algae_chat,9,3,12
JasperCl0ud,1,1,2
aitonaut,1,1,2
Pickleballer420,1,1,2
DyingFather-,1,5,6
danielnogo,1,3,4
hrelldpf,1,1,2
psychoticmetre224,1,1,2
itskoka,2,1,3
Sammy_Roth,4,1,5
sipos542,1,1,2
kruksym,1,1,2
epicferret,2,2,4
Outside_Mind_2648,1,1,2
HarpuasGhost,3,3,6
Trick-Use6124,3,6,9
wellShitAbe,1,1,2
Yellowyness101,1,1,2
MidMesFair,1,1,2
Naive_Matter_7544,1,1,2
Shelsonw,2,12,14
Thunder_Burt,1,7,8
giveuporfindaway,2,15,17
dr-poivre,1,5,6
rickyesto,1,1,2
surkin143,2,2,4
lumenwrites,2,1,3
Rocket_3ngine,1,5,6
King_Moonracer003,1,7,8
rapacate,1,1,2
lissymv,3,2,5
higginsonporker,1,2,3
s0ner,1,1,2
DrCocomo,1,1,2
AV_0001,1,3,4
eightpack8888,1,1,2
ExplanationScary5244,1,1,2
TheDude9737,1,2,3
MagnificentCat,1,1,2
arbalesters0se,1,1,2
richslave,1,1,2
yeco,1,2,3
Smaug117,2,3,5
TopNFalvors,1,6,7
bigweevils2,1,1,2
Eschatologists,1,4,5
arnolds112,2,3,5
Jimminycrickets411,1,1,2
befreeearth,2,1,3
KR-laho,1,3,4
PADemD,1,1,2
Monsterdrama,1,1,2
franzlopez,3,1,4
MaxThunderman,1,1,2
_wsgeorge,1,1,2
secret-millionaire,3,6,9
ulalamisha,1,11,12
Antman269,3,1,4
psychosil444,1,1,2
Noccai_,1,8,9
DG-Laowai,1,1,2
Mr_Lag,1,13,14
naledenale23,13,1,14
Reddit_Mods_Are_Gey,1,2,3
ASD_user,1,8,9
Ce_ne,1,9,10
ciscoccm,1,2,3
reflected_shadows,1,3,4
chriswick48,7,5,12
symmetry_seeking,2,5,7
drodjan,1,1,2
CloudAndSea,2,19,21
qtzbra,1,3,4
Public_Tomatillo_966,1,5,6
googoobah,1,7,8
GodAndGaming123,1,3,4
Due-House-9745,2,1,3
mrbeardo4200,1,2,3
sophie9709,1,2,3
AKingMaker,1,1,2
BarnacleAccurate4992,1,1,2
Marionberry_Unique,1,2,3
TheTelegraph,2,2,4
Cannabisness1374,2,1,3
sushantv94,1,3,4
slhamlet,1,2,3
andyhalko,1,1,2
archamit,1,1,2
Odd_Dimension_4069,1,5,6
msurk24,4,1,5
ToffeeFever,1,2,3
Whiff-Of-Pussy,1,4,5
tombnight,1,1,2
pp1403,1,4,5
Escoliya,1,2,3
rare_redditor0,1,1,2
Meta_Archon,1,6,7
peepeepoopiehead,1,2,3
soupasoupjohn,1,2,3
TheBestBoyEverAgain,2,5,7
henrycram,1,1,2
therealsam44,2,1,3
sadfdsafdsfsa,1,1,2
Just-A-Lucky-Guy,1,3,4
yoaviram,1,1,2
CWang,2,3,5
Whitecloud6,1,1,2
matt-viamrobotics,1,1,2
jighirwesibrely,1,1,2
DioriteLover,14,3,17
benbyford,2,1,3
PATCH_THE_ABUSE,1,1,2
giuven95,1,1,2
SuperScopeXP,1,2,3
legionPEWDSLWAIY123,1,5,6
Fast_Angle_6541,2,9,11
Tusk-Dentist,1,1,2
edditbot,1,1,2
Natural_Dark_2387,4,1,5
jenthejourno,1,2,3
beneaththeslope,1,1,2
sonicagain,1,1,2
Tommy2Legs,1,1,2
airbnbthrowawat,1,2,3
wad11656,1,9,10
ipiers24,1,2,3
Pilast,1,5,6
beeh1995,1,1,2
westmoney_executive,2,1,3
InternalSecret1744,1,1,2
FarStandard5085,1,2,3
currency100t,5,7,12
WorkingMaintenance4,1,4,5
madazzahatter,1,1,2
sillerdkavo,1,4,5
hwyhi,1,1,2
throwlittlethingsoff,1,4,5
ritzlingen,1,3,4
Born-Worth-5611,1,1,2
Your_bad_sins,1,1,2
tengofuego22,1,1,2
moliver28,1,1,2
Michael_Bowlby,1,1,2
engineeerhacks,1,1,2
samyall,1,1,2
sidsaysshit,1,1,2
KeyWishbone7097,1,1,2
Interesting_Age_7038,1,1,2
thedogbreathvariatio,1,2,3
_blitzkraken,1,1,2
ObjectiveTruth9191,1,1,2
En3rgon,6,1,7
AdAffectionate6196,1,1,2
gold79,2,1,3
SabertoothSean,1,1,2
Ok_Bit7809,1,2,3
Spiritual-Flower155,1,1,2
mrx-ai,1,2,3
malberts_,1,1,2
zooboole,2,1,3
Kind_Community1893,1,1,2
10pBjjKing,2,1,3
rutumundhe10,1,1,2
IndicationOver,2,1,3
Chocolate_Mother,1,1,2
alxnot,1,1,2
Careful_Lawfulness_4,1,1,2
Bakariiin,1,1,2
kittensfly,1,7,8
HOLDTID,1,1,2
THE_ILL_SAGE,1,2,3
Scarppetta,1,1,2
No-Court-6689,1,1,2
bukhara_aidarus,1,1,2
khaldood,1,1,2
