author,subs_count,comments_count,total_count
GD_Bats,1,493,494
Uhhhhh55,1,16,17
immersive-matthew,1,85,86
mrstipez,7,141,148
RaiderOfZeHater,19,17,36
redingerforcongress,20,145,165
ManOfLaBook,1,60,61
HotTakes4HotCakes,1,329,330
iushciuweiush,1,460,461
oppy1984,1,31,32
Sinity,1,107,108
Butterbuddha,1,388,389
Greyhuk,2,167,169
Leprecon,2,347,349
MuhammadIsAPDFFile,9,121,130
roundearthervaxxer,2,266,268
lostaccountby2fa,1,70,71
ZookyTheClown,1,21,22
trisul-108,6,263,269
Dawzy,1,101,102
RuairiSpain,2,135,137
poke133,3,212,215
BornInTheUSSA,2,139,141
beareatsfish,24,144,168
Thac0,1,152,153
bboyjkang,12,98,110
BattdPlayer,4,163,167
EverthingsAlrightNow,29,170,199
Shogouki,18,202,220
maxito98,9,78,87
timeye13,9,41,50
DukkyDrake,15,708,723
elister,11,272,283
KarlHungus78,2,39,41
berni4pope,1,28,29
Saltyigloo,1,18,19
drawkbox,26,2505,2531
CrankyBear,1097,155,1252
SyrioForel,2,156,158
Ashleywave14,6,4,10
RocketScient1st,1,2,3
SchwarzerKaffee,1,545,546
HeartyBeast,10,336,346
AmericasComic,35,179,214
eggimage,1,229,230
SUPRVLLAN,33,678,711
Bulevine,1,42,43
BergaGaming,1,189,190
yolo3558,1,70,71
gerd50501,1,458,459
PandaCheese2016,1,292,293
Sveta_Civenty,1,1,2
Wh00ster,3,426,429
357FireDragon357,1,97,98
reddicyoulous,20,17,37
DragonPup,17,111,128
MyNameIsGriffon,358,279,637
qwerty12qwerty,2,113,115
moon_then_mars,2,630,632
AcademicElk,6,28,34
FireFright8142,1,6,7
Miserable-Lizard,2,43,45
rustyseapants,7,333,340
danellender,2,52,54
CreativeCarbon,1,366,367
T_S_Venture,1,35,36
ExtremeComplex,1,8,9
sighbourbon,1,59,60
ImaginaryCheetah,2,1432,1434
inajeep,1,31,32
agent_vinod,77,44,121
McFeely_Smackup,1,513,514
NainarB,28,101,129
RollingTater,2,169,171
c-dy,3,34,37
Oscarcharliezulu,1,328,329
thisispoopoopeepee,10,594,604
PM_ME_UR_REDPANDAS,1,23,24
Fromfame,1,51,52
cayneabel,2,69,71
Feynt,1,430,431
alexandros87,1,8,9
Loki-L,115,410,525
Nautisop,1,67,68
AutoModerator,4,56074,56078
S4T4NICP4NIC,1,387,388
Zimavishon,2,7,9
meatballsinsugo,18,164,182
EntertainerWorth,1,86,87
kenlbear,1,8,9
richh00,1,61,62
stinkerb,4,97,101
RCDuke,2,20,22
Mzl77,2,16,18
Diplomjodler,2,244,246
truthhonestmessaging,3,6,9
TAKEitTOrCIRCLEJERK,1,48,49
Landsil,1,58,59
braflys,2,105,107
ADotSapiens,6,14,20
chonker200,6,2,8
grenwood,1,83,84
SleepDeprivedUserUK,1,270,271
MSUconservative,3,47,50
roo-ster,1,330,331
GuiGeeKang,1,129,130
Actual-Ad-7209,2,62,64
LeBoulu777,50,95,145
cyberg00n,9,84,93
Sip_py,2,43,45
standup-philosofer,1,86,87
Hrmbee,447,630,1077
sirbruce,1,411,412
gazzaridus47,2,1,3
Windows_Tech_Support,1,3,4
GetOutOfTheWhey,1,439,440
Agelmar2,1,343,344
mike_gundy666,1,5,6
niftgen,2,136,138
phadrus56,1,5,6
stackablesofficial,2,3,5
LouMM,3,22,25
longest-Username,1,74,75
Pessimist2020,274,30,304
HorseRadish98,1,159,160
ginwithbutts,1,21,22
firetonian99,1,1,2
RobertAPetersen,5,55,60
periscope_artifact,9,30,39
jormungandrsjig,76,270,346
Interesting-Luck-227,2,6,8
221missile,10,66,76
Daniel15,1,349,350
DownshiftedRare,5,399,404
kp_centi,1,12,13
ArcherBoy27,1,141,142
CodeDinosaur,31,64,95
Russian_repost_bot,3,13,16
punIn10ded,1,33,34
Helios_Escar22,1,1,2
coolluck33,1,43,44
DONTLOOKITMEIMNAKED,1,25,26
BeefyFeefy,1,2,3
cruel_delusion,1,15,16
CressCrowbits,1,162,163
zoddrick,1,54,55
Rustin007,1,1,2
outwar6010,5,580,585
steevo,4,14,18
Feh_Claro,1,2,3
wewewawa,211,374,585
i_am_bartman,2,6,8
chrisdh79,1050,369,1419
dropkickflutie,2,11,13
Sh0tgunSh0gun,1,23,24
New-Skirt3298,2,2,4
Loninski,1,5,6
b_poppapump,2,150,152
Chobeat,2,62,64
DesertAlpine,1,84,85
PressFforAlderaan,1,118,119
cpt_caveman,1,493,494
joculator,1,27,28
colddrew,3,21,24
CeSiteEstDesOrdures,17,29,46
Invelious,3,25,28
aresef,2,19,21
c0mad0r,1,169,170
spainguy,43,88,131
Shanknuts,1,11,12
WTFwhatthehell,1,587,588
urielsalis,1,54,55
build9600,2,38,40
Boatsnbuds,1,97,98
Schiffy94,4,659,663
J-96788-EU,1,15,16
OlympicAnalEater,10,22,32
MrOaiki,2,66,68
poopyheadthrowaway,1,72,73
CoupleClothing,1,39,40
ShesJustAGlitch,4,21,25
Yeazelicious,2,51,53
LOHare,1,30,31
MIddleschoolerconnor,3,6,9
divertiti,3,121,124
that_star_wars_guy,1,45,46
gex80,5,590,595
Eccentricc,1,49,50
bored_in_NE,6,210,216
Hypx,32,49,81
FartFragrance,1,129,130
CockGoblinReturns,1,75,76
WhereAreYouGoingDad,2,55,57
EekleBerry,1,7,8
digiorno,1,210,211
ovirt001,1,257,258
LaserGadgets,1,68,69
Deadliestmoon,1,28,29
ShadowHandler,1,2,3
cheeztoshobo,33,7,40
Undertaker17,1,6,7
miaumee,1,137,138
ShadowController,5,103,108
PazyP,2,1,3
Capta1nRon,1,10,11
970,1,41,42
chemicalsam,2,58,60
sehtownguy,1,12,13
DistantRavioli,3,2,5
EmeraldIbis,1,18,19
xelop,1,113,114
matroosoft,1,34,35
LoudMusic,1,83,84
manual_tranny,69,34,103
SwitchRicht,1,3,4
Apprehensive-Cat623,1,1,2
savorymonk,3,1,4
zipdiss,1,111,112
Jman841,1,19,20
julius_sphincter,1,85,86
BloodyIron,1,479,480
LoneWorldWanderer,1,26,27
Smithman,2,8,10
SkynetEngineer,2,67,69
rem1473,1,9,10
Sir_Bumcheeks,2,195,197
RespectTheTree,1,94,95
wrath0110,4,237,241
eric_bousquet,3,1,4
happysmash27,2,88,90
DFW_Panda,1,2,3
wellwildljh,2,8,10
Sydney2London,1,6,7
ben-zme,1,6,7
wazobia9ja,6,1,7
InternationalReport5,2,14,16
rebbsitor,1,86,87
misterandosan,1,23,24
sadpanada,1,13,14
ZozicGaming,1,36,37
FoxKitty420,1,1,2
old-hand-2,2,102,104
BenDes1313,1,50,51
_sirRantAlot_,1,34,35
siplasma,2,2,4
frolictech,3,3,6
Ok_Month1559,2,8,10
pdp10,7,108,115
WildBill598,1,36,37
geoxol,690,2,692
EastHillWill,1,6,7
Beardharmonica,1,16,17
mathematical_cow,1,14,15
Ok_Student_5332,1,8,9
categorie,1,41,42
Dugen,1,121,122
EagleFly_5,1,2,3
mealucra,1,27,28
Head-Mathematician53,1,26,27
Darius536392,1,1,2
mcnewbie,1,23,24
_Didnt_Read_It,7,33,40
TheTwoOneFive,1,25,26
_hiddenscout,48,10,58
spartan6222,1,2,3
ValkorTahoe,1,11,12
slayer991,3,120,123
shillyshally,1,136,137
yourmomisdtf,2,60,62
abhilodha,1,21,22
sector3011,21,127,148
AlaskaFI,1,27,28
gettinganked,1,2,3
uselessadjective,1,75,76
DubTeeDub,1,3,4
Razor512,1,28,29
Scoggs,1,11,12
sdhu,1,35,36
rb3po,1,54,55
purplepride24,1,70,71
gremy0,1,16,17
EddieStarr,1,127,128
LightRefrac,3,73,76
faloodehx,1,3,4
drak0bsidian,10,18,28
Lion_of_India,2,2,4
OneiriaEternal,1,11,12
Alastair789,4,3,7
Torquemada1970,21,22,43
collin3000,1,199,200
ampressman,11,4,15
ImVeryOffended,1,180,181
thatfiremonkey,96,203,299
lood9phee2Ri,4,40,44
takashi-kovak,1,5,6
LeftJoin79,1,99,100
wheredoudrawtheline,1,2,3
Apollo-board,1,10,11
ohlaph,2,88,90
giantyetifeet,23,20,43
drawingthesun,2,5,7
greyuniwave,6,11,17
richij,1,13,14
Albion_Tourgee,22,35,57
when-users-rule,2,3,5
varnaa123,1,8,9
Successful-Bee-2492,63,48,111
CustardOk3877,1,1,2
jupit3rle0,2,10,12
coasterghost,4,26,30
brokenB42morrow,1,14,15
shoretel230,1,45,46
jeffreyd00,4,150,154
vmskrsh,3,1,4
afantasma,2,5,7
Paul_Ostert,2,89,91
AvocadoLion,1,11,12
technosaur,1,50,51
wisi_eu,4,4,8
langolier27,1,21,22
trakk2,1,27,28
FarWashKing,1,17,18
ben7337,1,297,298
MiserySquid,1,16,17
roosoh,1,4,5
Danzillaman,2,1,3
alertnoalert,15,20,35
Terrible-Ad-5422,1,7,8
ericstechchannel,1,4,5
101arg101,1,33,34
mr_tyler_durden,1,72,73
Superb-Guidance-638,11,6,17
limache,49,77,126
blindedbyhindsight,1,87,88
FirePing32,17,12,29
DutchesBella,1,2,3
Reality_Defiant,1,13,14
RecognitionFluid3989,1,1,2
Faruyazy,2,1,3
sylver_dragon,1,114,115
sharkiess,1,1,2
Sand831,2,13,15
Jeff531,2,1,3
maxim_roubintchik,2,1,3
grassrootbeer,6,17,23
MicroSofty88,164,93,257
dylanl2222,1,1,2
TorrenceMightingale,1,37,38
jmkni,1,5,6
endoftheroad1938,1,10,11
JasonCox,1,19,20
Laws_Laws_Laws,1,7,8
New_Steel,3,16,19
Mim7222019,1,30,31
koavf,3,42,45
Chubbybrownbear,1,27,28
whenitpours3,1,10,11
mudgts,1,11,12
datwolvsnatchdoh,1,6,7
Kilvanoshei,1,8,9
anonk1k12s3,1,93,94
undervarderat,1,1,2
Test19s,3,278,281
RelaxPrime,1,41,42
nosotros_road_sodium,70,72,142
numonkeys,1,1,2
karmichand,1,4,5
ytk,1,20,21
And_yet_here_we_are,1,6,7
North-Tangelo-5398,2,5,7
per08,1,52,53
Dnejenbssj537736,1,21,22
rantus,4,124,128
leif777,1,124,125
AlexanderLavender,1,12,13
preafericitulChiarEl,4,12,16
Alpra_Creem,24,26,50
userlivewire,1,71,72
dydx4j,1,1,2
BobBelcher2021,2,155,157
goldcakes,1,27,28
Aussiewhiskeydiver,3,25,28
Analogbuckets,1,12,13
4thDevilsAdvocate,2,42,44
Silverbill-,1,1,2
Puzzleheaded_Basil13,55,77,132
eat-rainbows,1,5,6
mithik,2,29,31
36gianni36,1,51,52
itzComPeter,1,5,6
semitones,1,124,125
honey_rainbow,3,70,73
7LyLa,2,36,38
sexyhusband714,10,38,48
maki23,86,27,113
Zolivia,2,32,34
danyork,3,4,7
bltburglar,1,21,22
elmouth,1,2,3
96suluman,11,48,59
oDDmON,5,106,111
Arch_winter,1,1,2
4reddityo,3,3,6
joey_sticks3,13,15,28
hot_corrin,1,14,15
sanlux2,1,2,3
HoppyBeerKid,1,4,5
Native411,1,1,2
dutchbaroness,1,19,20
Chateau-d-If,1,4,5
TheAnswerWithinUs,1,42,43
balne,1,51,52
tiptoeintotown,1,217,218
Karimk57,1,17,18
rejs7,21,2,23
aL_eX49,1,1,2
aabdelkader,1,1,2
scrat-squirrel,1,8,9
v_span,1,3,4
anthony-wokely,1,22,23
SmirkingMan,1,18,19
Mr_Shad0w,1,49,50
Pokslol,1,1,2
use_vpn_orlozeacount,10,225,235
Staticoli,1,8,9
PuckyMaxx,3,4,7
chiefwigums,2,5,7
Suspended_9996,3,24,27
adreamingandroid,5,7,12
heyyoudvd,1,15,16
Pikamander2,1,4,5
Jinx440,1,2,3
-mouth4war-,1,1,2
moophthemoomoo,1,2,3
dangerdaves,1,2,3
AjaxFC1900,2,12,14
wave_327,1,35,36
10111011110101,1,8,9
Chaffy_,1,32,33
Budjucat,1,56,57
geoduckSF,1,48,49
RevolutionaryG240,1,54,55
AkatsukiKojou,1,26,27
Your-Doing-It-Wrong,2,69,71
wreakon,1,110,111
baltinerdist,1,18,19
collina,2,6,8
CatsOnTheKeyboard,3,53,56
be0wulfe,2,128,130
D1STR4CT10N,4,14,18
fledgling_curmudgeon,2,13,15
BRH05,2,2,4
AnarchyinGroland,1,45,46
cleattjobs,4,65,69
luckyj,1,10,11
IronSmithFE,1,18,19
mm1899,1,1,2
pegothejerk,1,27,28
Basskid88,1,17,18
porkchop_d_clown,4,41,45
Hanginon,2,32,34
Cointhropologist,1,2,3
Bullet_Storm,1,2,3
flailingarmtubeasaur,1,19,20
amazingbollweevil,1,9,10
Daedalcipher,6,5,11
james_white22,1,1,2
DyingMustSuck,1,2,3
tickleMyBigPoop,9,693,702
donutdisaster,1,5,6
Jbg07_,2,1,3
ProductVisual5719,1,6,7
magmasafe,1,6,7
oreiz,1,31,32
BigTasty789,1,3,4
Weary_Inevitable_313,1,1,2
IHate2ChooseUserName,7,62,69
LaylaJamie,1,19,20
ObamaEatsBabies,2,9,11
Hench_manorange_1880,2,18,20
Which-Wrongdoer7829,1,1,2
willywalloo,1,79,80
Empty-Entertainer-42,2,7,9
Dick_Miller138,1,20,21
cj927,119,1,120
thedarklord176,1,6,7
alibradford,3,4,7
blogger828,1,1,2
GetTold,2,97,99
Crack_uv_N0on,6,245,251
AbbydonX,12,31,43
Due-Resident-4588,2,235,237
magimag500,1,16,17
Foryourconsideration,1,20,21
Mister_Kurtz,1,11,12
Ok-Investigator3971,2,48,50
anantj,4,2,6
ConversantPuggat,1,1,2
bolteon593,1,148,149
EshuMarneedi,1,26,27
StarkOdinson216,1,22,23
Brendogg22,1,42,43
txageod,1,14,15
cdistefa,1,14,15
Obvious-Health-291,2,6,8
Kperko,2,1,3
beaufordtshimbucket,2,16,18
TheGreatAgnostic,1,5,6
BlankVerse,30,28,58
robml,1,10,11
Rerel,1,36,37
Gnurx,1,5,6
sankscan,51,22,73
Hazzation1,1,1,2
neosinan,2,14,16
AgapeFire,2,1,3
EARTHISLIFENOMARS,1,15,16
Hermitically,25,25,50
TheColorOfDeadMen,27,9,36
aq-r-steppedinsome,2,20,22
HotNastySpeed77,1,160,161
ccpshrilldetective,1,1,2
Dazza477,1,9,10
Liquid_heat,5,13,18
KKOTTE,3,8,11
MattO2000,1,19,20
LiberalFartsMajor,1,577,578
ProfessionalPeanut69,1,1,2
Konradleijon,1,33,34
Single-Gur4990,1,1,2
chadi7,1,11,12
smarxx,10,5,15
golddragon88,1,2,3
DetectiveFit8447,1,14,15
dabocx,1,67,68
187Shotta,2,39,41
damshowtv,4,2,6
GhostlyRuse,5,21,26
DEATH-BY-CIRCLEJERK,2,14,16
hibearmate,9,200,209
hiImMate,1,3,4
Wooshio,1,73,74
Olivebuddiesforlife,2,4,6
Sandarupeiris,1,1,2
aeplusjay,1,2,3
wazzel2u,3,19,22
ihrvatska,4,14,18
Mysterious----,1,7,8
RaviBot,2,1,3
clegmir,1,3,4
MasterfulBJJ,1,11,12
cryptowebnews,1,2,3
jameshines10,1,16,17
blahyawnblah,1,12,13
alabasterheart,1,1,2
daRaam,1,16,17
gogoman,5,7,12
TheMacMan,2,52,54
cakeboy1970,1,2,3
WackyBugyBro,2,1,3
The_Theta_Friend,2,2,4
parkylondon,1,1,2
Sea_Bison0,1,16,17
Electronic-Lie-5897,1,22,23
haruishi,1,1,2
roastedtoperfection,2,1,3
ClusterFugazi,1,35,36
barzbub,1,50,51
awsawsaWSDE,1,6,7
boomHeadSh0t,1,25,26
ironicart,1,9,10
MatthewThoughts,5,1,6
leonx81,1,2,3
needlesfox,5,15,20
daletanner35,1,1,2
Renxer0002,58,6,64
drsect0r,1,1,2
Creative-Ocelot8691,1,17,18
VengenaceIsMyName,3,81,84
iateherbutt,3,37,40
iwifia,1,22,23
almeldin,1,1,2
run_ywa,1,2,3
LuckyCharms2000,4,19,23
oldassesse,1,40,41
SobeyHarker,2,47,49
bigshrekcakeeggplant,1,4,5
Competitive_Ad_5515,1,30,31
FeckThul,1,219,220
el_gee,3,2,5
pontoumporcento,2,2,4
jack-K-,1,73,74
Cold_Ant_4583,1,40,41
nalgene_wilder,1,83,84
Banjo_bit_me,2,7,9
snapwillow,1,14,15
midsummer666,1,10,11
no_regards,1,3,4
elfbeans,1,6,7
tsteinholz,1,4,5
BanCircumventionAcc,1,21,22
sassysalmnder,1,1,2
MonsterMunch1504,15,9,24
natepriv22,1,25,26
JournalistExpress292,1,14,15
AllAboutEventTech,5,5,10
mrcmnstr,1,8,9
acctexe,1,73,74
Professional_Ad_8536,1,7,8
gilligvroom,1,82,83
rnldjhnflx,1,4,5
lolklolk,2,12,14
16431879196842,3,1,4
neptune3790,1,11,12
Melodic-Work7436,7,8,15
utkarsh_aryan,2,72,74
LucDoesStuff,1,3,4
RichardMau5,1,1,2
OMG_A_CUPCAKE,1,35,36
cool-beans-yeah,1,50,51
CosmicPenguin,2,34,36
ThrowAway769101,1,8,9
thekidunderpanic,6,1,7
-fisting4compliments,2,13,15
financialtimes,29,23,52
schultzy99,1,3,4
gabreading,2,30,32
sillysaltire,2,6,8
Kovis,1,5,6
mindracer,2,10,12
Familiar-Turtle,27,14,41
electromagneticpost,1,61,62
Luke5119,1,35,36
favouriteitem,1,12,13
R_E_T_R_O,2,2,4
xXGreco,1,4,5
Dino_567,1,9,10
AmountOk3836,1,4,5
Madbrad200,6,54,60
UnleashFun,26,64,90
Fauropitotto,1,15,16
giuliomagnifico,535,44,579
PlankOfWoood,1,136,137
deukhoofd,1,27,28
LunaMunaLagoona,1,51,52
Cheesecake338,2,7,9
Hegemon1984,2,9,11
explorer_76,1,31,32
bcjh,1,30,31
RepresentativeKeebs,1,90,91
inaloop99,1,11,12
erm_what_,1,68,69
perortico,1,28,29
washingtonpost,2,20,22
usernetpage,1,9,10
CommanderMcBragg,4,8,12
Hithaeglir,1,26,27
Cascading_Neurons,34,97,131
leo_sk5,2,14,16
Walk1000Miles,2,3,5
Radamand,1,3,4
TheMiz2002,1,17,18
bil-sabab,24,7,31
hillarioushillary,16,70,86
SAT0SHl,2,12,14
ygg_studios,1,40,41
ursiwitch,1,63,64
GanimetYT,2,7,9
MiddleAgedGrump,1,27,28
Impossible34o_,1,40,41
zxyzyxz,5,94,99
BirdWatcher_In,5,18,23
saijanai,1,20,21
SurelyNotASimulation,1,9,10
RZHS2016,1,2,3
saintmsent,7,153,160
Jisifus,2,8,10
ScottColvin,1,125,126
RetroNick78,1,19,20
dobbysreward,2,17,19
Few_Advertising_568,1,9,10
gargantuanliterature,2,1,3
TheCozierDaemon,1,16,17
jstohler,1,10,11
Hoz85,1,18,19
BigBadMur,1,44,45
addisonresearch,2,1,3
phenomenal11,1,1,2
justcasty,1,6,7
poor_lil_rich,1,41,42
Tinckerbel,1,13,14
A-EFF-this,12,3,15
zrixes,1,2,3
literallyfabian,1,19,20
SoUnProfessional,12,3,15
SneakyTrigger,1,3,4
qwertyloops,1,2,3
WessonRenick,2,5,7
Royal-Tasty,1,3,4
tompki04,1,1,2
daft_knight,3,2,5
Side_Several,1,10,11
ImPinkSnail,2,10,12
ThunderElectric,1,9,10
Vercitti,20,22,42
quantumized,1,5,6
goodguygreenpepper,1,2,3
am3l1a,3,24,27
MBAfail,1,23,24
realmrmaxwell,3,1,4
statistically_viable,1,35,36
zdrifter,4,2,6
AMadHippie2002,2,3,5
harfyi,13,21,34
LumTse,1,1,2
one,1,5,6
fargenable,1,3,4
Portalrules123,6,74,80
bmb102,1,47,48
chrisafenyo,4,1,5
Its-a-Fugazi,3,8,11
RobotEvangelist,2,1,3
Maximus_Dominus_Rex,5,15,20
CuteSaggisture,1,5,6
melodic_crab_1968,1,3,4
areopagitic,1,25,26
blihk,1,10,11
TheThingy,1,28,29
username3,1,16,17
eaglebtc,2,77,79
lastchance,1,11,12
Whack_a_mallard,1,39,40
say_no_to_camel_case,1,21,22
MassiveStunner,1,57,58
jawjanole,1,12,13
Thavus-,1,1,2
Ok-Permission-3145,2,12,14
usernamesarehardas,1,30,31
Routhwick,1,1,2
JanElizKor,12,5,17
Andalib_Odulate,1,1,2
xian487,1,3,4
ExcellentGuyYea,5,11,16
sputnikv,1,41,42
Hasby_pro,1,13,14
t3ss3ract,1,1,2
stoich_cynic,16,1,17
ruindig,1,1,2
PurpleNurpe,1,56,57
QQQult,7,5,12
norcalnatv,12,20,32
ekkidee,1,83,84
Ninja_Conspicuousi,1,22,23
UGMadness,1,8,9
CMDR_Tiger_king,1,2,3
redhatGizmo,253,8,261
Aschebescher,2,8,10
b5081,1,53,54
iyoiiiiu,1,16,17
NeoIsJohnWick,11,52,63
Celica_Lover,1,10,11
Lakailb87,1,13,14
ChubbyWanKenobie,1,8,9
rbevans,15,40,55
Fredyum,1,10,11
Hungrydadga,2,16,18
in-lespeans-with-you,1,8,9
jackasstacular,10,2,12
comeformecuzimright,2,4,6
e-r_bridge,13,2,15
TickleMyNeutrino,1,3,4
xqcgreek,6,1,7
Genevieves_bitch,23,5,28
GroundbreakingGur930,11,24,35
alvwg,7,6,13
Sumit316,84,6,90
anarchistsRliberals,1,11,12
Low_Efficiency_9131,1,14,15
LogicalRiver,24,4,28
Abildsan,2,30,32
eagletoken,1,4,5
AdFun5572,1,9,10
Excellent_Froyo3552,1,12,13
sopack,1,6,7
StcStasi,4,9,13
bladexp210,4,7,11
Velcroninja,1,2,3
demouseonly,1,6,7
SPRUNTastic,1,6,7
avadhutsawant,40,1,41
Silk_Hope_Woodcraft,1,88,89
strainthebrain137,1,10,11
UnknownDeveloper,22,1,23
team_NITL,14,4,18
bvierra,1,13,14
Famous_Witness_6993,1,4,5
shubhp13,1,1,2
TransFattyAcid,5,15,20
lilsippy333,1,3,4
reddicyouloss,2,1,3
AngryPup,1,5,6
TheVisualizED,1,2,3
youwillnevercatme,1,4,5
Dannyboycalifornia,1,2,3
forexbia,2,4,6
mcmeaningoflife42,1,8,9
Patient-Pack-3066,2,3,5
swamdogmillionaire,1,1,2
fossroxx,1,10,11
CrazyK9,10,15,25
intergalactic512,2,5,7
retroanduwu24,2,6,8
DirectControlAssumed,1,27,28
rokaabsa,2,59,61
PicardTangoAlpha,1,25,26
A-Wise-Cobbler,1,27,28
flyfrog,1,31,32
Sarasani,1,3,4
Martin_WK,1,23,24
TheCarrot_v2,1,1,2
mypervyaccount,3,14,17
eldedomedio,1,174,175
RazsterOxzine,1,7,8
prolific_ideas,6,28,34
Galeander,2,6,8
christoforosl08,1,4,5
Sir-Mocks-A-Lot,1,109,110
RaunakA_,4,4,8
WutTheFuckIWokeUpOld,1,13,14
Rick_e_bobby,1,37,38
Knotfloyd,1,2,3
richardelmore,1,42,43
gautamdiwan3,1,25,26
brefromsc,3,5,8
OtheDreamer,1,23,24
KnightsOfC197,1,1,2
CJKayak,1,21,22
Seeker_Of_Toiletries,1,7,8
alexshak83,1,2,3
westondeboer,20,15,35
norbynorb,1,4,5
Powerpuff_Rangers,1,5,6
houseofbacon,1,2,3
AeRiaL_z2,1,8,9
omirafket,5,1,6
BluesFireDragon,2,9,11
zoeGodPixXL,1,8,9
geneticeffects,1,44,45
DutchTechJunkie,6,17,23
Trade_Invest,2,1,3
Scribal_Culture,1,16,17
dlc9779,1,2,3
Majnum,196,21,217
alex35351,2,13,15
ZapSpar,1,49,50
twohundred37,2,15,17
raresaturn,3,80,83
Cryptorealmoneyman,1,1,2
Keirhan,1,4,5
technomancer-09,1,1,2
ketarax,1,4,5
whiskeyjoe1978,1,2,3
riserocklivethrive,1,2,3
bubblehack3r,33,6,39
Sephinator,1,3,4
TruBit9,1,3,4
RozellaTriggs,3,12,15
The_Zany_Cartoonist,5,2,7
Nachttalk,1,12,13
Unfor4,2,2,4
Pogatog64,1,21,22
tester989chromeos,10,56,66
gone11gone11,1,11,12
GomerP19,1,3,4
i_love_anachronisms,13,12,25
InsaneProtestorsMod,2,4,6
_ii_,2,15,17
habsmd,2,4,6
SeizeOpportunity,3,1,4
chelsea707,2,1,3
BitingPosting35,1,1,2
Razzooz,1,9,10
no_eponym,1,4,5
ChasingTheCoyote,62,1,63
IWantTheLastSlice,1,15,16
SandyCoder,36,4,40
PercMastaFTW,1,14,15
Juanster7,1,1,2
AltrdFate,1,2,3
Mynameis__--__,307,19,326
VerbotenVerb,1,54,55
SecretCrockpot,1,8,9
EedSpiny,1,4,5
johantino,1,1,2
eeadpi,1,1,2
the_buckman_bandit,1,90,91
Envyforme,1,7,8
ema_G,2,33,35
General-Legoshi,1,6,7
Moynamama,2,38,40
pdoconnell,1,3,4
lotteryhawk,19,1,20
Jacksharkben,4,7,11
chillmanstr8,1,1,2
callofdoobie,1,3,4
kamoylan,1,16,17
Birkanismyname,9,1,10
PurplePlan,11,9,20
oxamide96,1,2,3
GummySkittles,1,5,6
Ilikeng,1,1,2
tgp1994,1,18,19
Eurotrashie,1,12,13
KlvrDissident,1,4,5
hidraulik,1,18,19
joepmeneer,1,3,4
icohgnito,1,4,5
JoeyK075,6,13,19
AvocadoLaur,1,3,4
Suchthefool_UK,1,4,5
arcrad,1,4,5
someguy3,1,30,31
untitledismyusername,1,5,6
princeweather,1,1,2
G4Designs,1,18,19
Megaguildy,1,15,16
Questioned_answers,2,3,5
PoopyFruit,1,16,17
Plenty_Marzipan_4477,1,1,2
MorenK1,1,4,5
crypdistro,1,2,3
TheUnknownDemocrat,2,2,4
carrombolt,1,2,3
__Taylor_Swift__,1,29,30
JoeyBatters,2,1,3
Noob_yolo,1,6,7
anieglaze,2,2,4
carty1999,1,1,2
Epicboosmen23_2,1,2,3
GallantChaos,1,6,7
bloomberglaw,9,2,11
FishermanWitty8173,3,1,4
ExBABYYy,1,14,15
admiralhipper,1,51,52
Hot_Depth_6778,1,1,2
Good_Karm,2,3,5
KamikazeChief,1,13,14
xXxHawkEyeyxXx,2,12,14
Mahameghabahana,5,55,60
zevans08,1,2,3
bachleder,1,6,7
bob535251,1,17,18
caveatlector73,21,17,38
colinhb,1,1,2
VampyreLust,1,3,4
Jescro,1,2,3
thatsawce,8,4,12
farcetragedy,3,36,39
filip_mate,6,83,89
alreadyawesome,1,2,3
-Fat_Gal-,1,4,5
Phlarfbar,1,8,9
Honeybadger0001,11,42,53
science_is_Iife,37,16,53
AmericanCitizen11,1,1,2
Professional-Fuel625,2,8,10
Accomplished-Tap3353,206,13,219
theradek123,2,5,7
jonredd901,1,11,12
hayatiesen,4,1,5
yashtiwariart,2,1,3
Amelia_1232,2,5,7
Myfreecams_Is_CIA,1,1,2
SHODAN117,1,38,39
judgestinky,1,35,36
kob66,4,1,5
badwolf42,2,83,85
Shadd0w_heart,1,1,2
Kage159,1,8,9
Motor-Ad-8858,46,10,56
merchantmariner01,1,1,2
Admirable-Air-750,3,2,5
Lobstaparty,1,1,2
D-Honey,1,9,10
Recent_Material_3632,1,1,2
small44,11,63,74
Liistrad,1,1,2
CortexExport,1,2,3
GABOCOTA,1,1,2
oper8or,1,2,3
Foppo12,1,24,25
LinuxF4n,1,7,8
SiliconValleyIdiot,3,9,12
yamez420,1,4,5
thewyldfire,4,2,6
dwilson2547,1,6,7
snowsnothing,1,1,2
NANANA-Matt-Man,1,4,5
WalkureARCH,41,2,43
dragosul10,1,4,5
novahunter,1,2,3
reddskeleton,1,8,9
Bleeding_Irish,2,1,3
betasp,1,2,3
joey0314,1,64,65
mkerbs942,1,4,5
p33k4y,1,5,6
badalchemist85,1,6,7
FlyingChinesePanda,1,2,3
OkHistory777,1,6,7
MrNewVegas2077,4,5,9
A-Do-Gooder,5,9,14
aceqwerty,1,3,4
UberActivist,1,7,8
MingTheMirthless,1,43,44
cptnoblivious71,1,11,12
RealTexasJake,1,54,55
Signal_Inevitable_31,1,1,2
PM_ME_UR_MARINARA,1,1,2
the_bear_paw,1,21,22
Rear4ssault,1,4,5
fosterlynch,3,1,4
Dione_123,1,3,4
yogthos,3,24,27
schoener-doener,1,11,12
Particular_Put_6911,1,1,2
SwiggyMaster123,1,5,6
e1ioan,1,15,16
Python_bread,3,1,4
stocksncrops,1,3,4
Old_Delivery8447,2,3,5
funkyandros,1,9,10
Biffsbuttcheeks,1,8,9
artoonie,1,4,5
No_Bodybuilder5644,1,3,4
johnnymonkey,1,19,20
arbivark,1,4,5
ppl-,1,1,2
Master-Squirrel-7611,1,1,2
Milk_Man21,6,17,23
C4Oc,1,1,2
fungobat,2,4,6
Paul0416,1,1,2
worriedpast,7,10,17
RichKatz,4,20,24
i_devansh_chaudhary,1,1,2
OkOrdinary5299,2,6,8
JRepin,86,2,88
External-Anxiety4210,1,1,2
alphawanseven,2,6,8
1b992b,1,1,2
anikhch,2,1,3
bagada,1,40,41
das_cthulu,1,2,3
Juniorwutang,1,1,2
theRemRemBooBear,13,18,31
-Deadlocked-,8,3,11
Agamidae,1,2,3
easycryptotips,1,3,4
henrirousseau,1,12,13
Alarming_Jicama2979,15,9,24
peccavi26,1,5,6
i-miss-you-so-much,1,4,5
Persism,1,4,5
PadawanTrade,1,8,9
liberal_senator,1,1,2
Nigwardfancyson,1,42,43
Mediocre-Tower9367,1,2,3
Noujiin,1,9,10
CreateYourself89,1,1,2
Google_Youtube,3,1,4
ptlg225,1,5,6
bengtan,10,7,17
lAStbaby6534,27,11,38
foxmag86,1,18,19
zippythezigzag,1,2,3
CaptainSeverus,1,1,2
loud_as_pudding,2,3,5
stlouisx50,1,24,25
acacia-club-road,7,1,8
RyzrShaw,1,2,3
supersadtrueprivacy,3,2,5
Man_in_the_uk,1,9,10
Coolpop52,1,2,3
Sweep145,71,2,73
the_rancur,1,6,7
pinktacobuffet,1,1,2
x101y,10,1,11
PSUVB,1,24,25
Hughjarse,12,13,25
shivam793,3,2,5
Careless-Pickle8688,2,3,5
AlanO14,3,1,4
AnalogDan,1,9,10
ak1er,1,1,2
Pleasantlyracist,1,1,2
clambersand,2,16,18
XiLongHusk,1,8,9
jayone2525,1,6,7
Azifor,1,14,15
ApexRedditor_,1,3,4
bluediksucker,1,23,24
benchoddudeman,1,4,5
_googlefanatic_,6,2,8
nathan_thinks,2,11,13
Valuable-Solution860,1,1,2
StockHolmeSynDrome,1,1,2
capybooya,1,65,66
asscheeseterps710,1,2,3
Insider_Research,1,1,2
Arigamon,2,4,6
succachode,1,13,14
wallstreetstocksLED,3,2,5
shanoshamanizum,2,9,11
SS2602,1,8,9
PDubsinTF-NEW,1,21,22
WhatsTheFrequencyGus,1,1,2
Zealousideal_Nose437,1,1,2
iicurious,1,1,2
DesoTheDegenerate,1,14,15
OlympuTock,1,1,2
mountainsunset123,1,3,4
USB-D,5,7,12
-AMARYANA-,1,12,13
bebbibabey,1,2,3
flyingsolo07,3,24,27
Vagris,1,10,11
stixx3969,1,2,3
Money_Reach,1,1,2
Jjcasta,1,7,8
Canal_Volphied,9,13,22
marktheoneiknow,1,9,10
TheProtector_007,1,1,2
World_of_Warshipgirl,1,6,7
DRAlsadi0010,1,3,4
ImHighOnCaffeine,1,9,10
1000dinari,1,2,3
zelru2648,1,7,8
popemichael,1,10,11
space_force_majeure,4,14,18
Disruptor_Stocks,2,5,7
CinderPetrichor,1,5,6
TallAssociation0,6,1,7
Billbill36,3,5,8
margindata,1,3,4
ArchDirective,1,8,9
Disastrous_Bunch8979,1,22,23
cuddlewuddlepuddle,1,5,6
TokiVikernes,1,3,4
HackerTracker10,1,1,2
bacryptoze,1,1,2
Cytokine11,1,16,17
elenorf1,4,1,5
daviddiaz891987,3,6,9
__forever_curious,3,4,7
Captain_Smartass_,5,8,13
one_moment0318,1,1,2
Firm_Walrus2156,1,1,2
JustJohn8,1,3,4
Avocognito1994,1,2,3
coffee_addict3d,1,6,7
pairsofsox,1,1,2
comefromspace,1,12,13
Temporary-Leather-52,1,19,20
deftware,3,8,11
Insideec,7,2,9
sdsanth,1,6,7
work_hau_ab,1,5,6
SouthRye,2,1,3
kimsaprincessllc,5,7,12
Tech-Dictator,1,18,19
Glass_Match_3434,1,13,14
LiteratureNearby,1,31,32
Bobtonews2,4,4,8
Coastalregistration,1,1,2
Ins_anI,1,2,3
kernraftingdotcom,1,1,2
FDuquesne,8,7,15
zhongdama,1,3,4
aksdafox,1,1,2
newhoa,1,4,5
Perfycat,1,18,19
MelinMetaMan13,1,2,3
antillian,1,16,17
mcdwayne1,1,3,4
Lonely-Salt2070,2,4,6
GeneralCommand4459,2,9,11
queeftenderloin,1,5,6
softwoodcoder,1,1,2
Kimsn1,2,1,3
Pancake_muncher,1,3,4
who8mybrownie_,1,1,2
StripetypeRick,7,18,25
SolidAd2342,1,7,8
Silver_3108,1,2,3
puntloos,1,6,7
SitePractical6588,1,3,4
amandaclarrkson,2,6,8
MisterBadIdea2,1,5,6
Ulrichvon_Jungingen,1,1,2
Easy_Front_9269,1,1,2
JackFisherBooks,1,2,3
nkk47,1,1,2
Due-Fox-8443,1,4,5
jas26,12,5,17
odix,1,9,10
Seek_Adventure,2,3,5
afternooncrypto,5,3,8
MagusTools,7,1,8
sycamorechip,17,7,24
bristow84,1,23,24
tableball35,1,4,5
millerstavern,2,6,8
frosted_bite,9,5,14
riseguytx,1,1,2
Local_Corner,1,1,2
FloridaHobbyist,1,1,2
whnthynvr,2,3,5
OkPiezoelectricity74,1,16,17
Zealousideal-Way-280,1,1,2
Dolomedes03,2,3,5
targetmedians,2,4,6
karpomalice,1,6,7
ksandom,1,13,14
WoundedKnee82,1,7,8
eddyizm,1,9,10
chiraagster23,1,3,4
Winter_Criticism_236,2,7,9
SebJenSeb,1,1,2
Rukasu17,1,1,2
milktanksadmirer,4,11,15
Choice-Standard-775,4,3,7
xdlwilliam,1,3,4
SaltyPrinciple,2,6,8
46patisse,1,1,2
Posts_as_Slick_Rick,1,1,2
Kira9059,1,4,5
EquivalentAd6559,1,2,3
laundry_writer,10,13,23
Camacaw2,1,5,6
grey_rock_method,1,6,7
OGJuanunoby,2,2,4
Hackalope,1,5,6
EntrepreneurLive3661,1,4,5
AnotherDullUsername,1,1,2
Shama1502,1,1,2
csm_media,1,1,2
squirtgun_bidet,1,1,2
Wrinkled-Penny,1,11,12
Gullible_Progress_10,2,2,4
nadav183,1,4,5
Av1dredditor,5,5,10
simpl3t0n,1,14,15
xdNiBoR,1,8,9
Kilo_G_looked_up,1,2,3
riehnbean,1,5,6
bro_anon42,2,11,13
mantennn,1,5,6
DrBillyHarford,1,2,3
cyphar,1,15,16
ryandarr1979,1,13,14
vitorhm,2,6,8
CutoffThought,1,9,10
dr-cringe,1,2,3
jjenius731,1,12,13
Particular_Leader_16,1,2,3
DonDickerson,1,2,3
Candid-Ad7897,4,5,9
cyberpunk6066,4,4,8
BettercallMyself,1,1,2
8bgnome,1,1,2
Objective_Resist_735,1,4,5
eldosoa,1,3,4
Jumpy_Macaron_1455,1,1,2
Gust_on_Fire,1,1,2
Invader_Vex,1,2,3
TovarishVlad,1,4,5
n_body,1,1,2
LumpyAnt5109,3,1,4
RagTag9899,1,3,4
usulwalker,1,4,5
ksr_malware,29,2,31
Tell_Nervous,6,9,15
enigzar,1,4,5
chapsmoke,1,1,2
Akki_Fan,2,13,15
desert-mirage,1,7,8
PleaseThinkFirst,1,5,6
Gaskines-Xboy,1,1,2
sakhastan,1,1,2
nextdns,1,2,3
ryanad52,1,1,2
TheDoctore38927,1,2,3
HippieCrusader,1,1,2
AllGamersRnazis,1,2,3
Syoff,1,1,2
oakmen87,1,2,3
trai_dep,1,3,4
jakefrederick1118,1,4,5
muthuannamalai12,3,2,5
BBQCopter,4,10,14
GiuseppeMercadante,3,5,8
cemazu,1,3,4
speedhounds,1,2,3
bostondotcom,1,1,2
DellCommuter,2,2,4
homerino,1,14,15
glawgii,25,3,28
dacommie323,1,1,2
KandiKane459,1,68,69
nexusloops,6,11,17
Dry-Comparison-843,1,1,2
joneslillycal,1,1,2
AssociationDork,1,2,3
sfinnqs,1,3,4
RandomNumber4280,1,1,2
Admirable_Baker,3,1,4
Er_Eisenheim,1,1,2
SEOip,1,4,5
AstroCookieGalaxy,4,7,11
ReadItSteveO,1,1,2
TheBuzzTrack,3,1,4
Lilith97_,1,1,2
Taktaz1,1,8,9
Madestofboiz,1,5,6
markmuetz,1,7,8
CourtingBoredom,1,1,2
WileyWelshy,1,2,3
yuhong,2,1,3
GemBadger,3,1,4
ChrysocoIIaDawn,1,11,12
Mitch_conner34,2,5,7
LazyTunnel,1,2,3
eci-inc,5,1,6
No-Explorer-8229,1,1,2
SnooMacaroons4624,1,1,2
jpc4stro,9,1,10
RedditAccount101010,1,3,4
riverecoli7,2,1,3
ewr3454r,2,1,3
CelestineCrystal,2,2,4
minisculepenis,1,4,5
senove2900,1,3,4
AlarmVarious1991,3,20,23
pbw,3,3,6
Devmoi,1,16,17
Arslankh93,7,5,12
Illumine34,1,5,6
Castlefree43,5,3,8
xenowife,1,1,2
danktim,1,5,6
purforium,1,1,2
Hugh_Mann123,4,12,16
GreatestHumanAlive,1,2,3
PlatFormPlayZ,1,1,2
tuthanika,1,1,2
firstcruiser,1,6,7
lessofmemoreofjesus,2,4,6
Charryben1422,1,9,10
BasculinSushi,1,1,2
BananTarrPhotography,1,4,5
sonicruiser,1,1,2
bjorn_cyborg,1,6,7
RetroShaft,1,2,3
makeasnek,1,2,3
blady_blah,1,11,12
alphaaldoushuxley,1,1,2
exybom3,1,2,3
saxsux,1,4,5
bebethebuilder,1,2,3
dewhacker,1,3,4
Minimac1029,2,15,17
Poseidon927,1,1,2
Open_Geologist_42,1,3,4
SpaceDetective,1,16,17
somebody_usedtoknow,1,1,2
alisab22,1,2,3
blckhl,1,3,4
addressunknown,1,1,2
Screenwriter6788,1,3,4
Marcuzio,1,1,2
Street_Admirable,1,3,4
deadsexy1990,1,1,2
Not-W-1134,2,5,7
gaukluxklan,2,4,6
Hedsagor134,1,1,2
catalinus,1,3,4
LJAkaar67,2,15,17
werksquan,4,7,11
thickochongoose,1,4,5
MithrasReddit,5,2,7
Igoooreq,1,1,2
sixwaystop313,1,1,2
djoliver1,1,4,5
FireBendingNinja,1,3,4
ShlomoBerlin,1,1,2
Naturalist-Anarchist,3,3,6
retronav,3,1,4
rustytoerail,1,6,7
r0aD_mAsteR,1,1,2
gurkiransingh1,1,2,3
Baddest-Santa,1,1,2
Unlucky_Jackfruit_33,2,1,3
esvee90,1,4,5
Soapor,1,11,12
Huds0nhawc,1,1,2
I_Can75,2,1,3
Craccavelli,1,2,3
Ghostreo,1,2,3
WerewolfHaunting8302,6,1,7
markbya,1,1,2
Wreck825,1,3,4
Ganymede2400,2,2,4
BitFake,1,2,3
alexsms111,2,1,3
Robert_London,1,1,2
xen0s20,1,1,2
Minimum-Membership-8,1,1,2
Roadside-Strelok,2,6,8
iphone_XXX,1,10,11
Scan-of-the-Month,1,1,2
NavarrB,1,1,2
Zamicol,1,1,2
_barisbaris_,1,1,2
Ok_Physics_2932,2,6,8
AmbitiousFuture7261,1,1,2
Alternative-Owl2512,1,6,7
DonCarlitos,1,2,3
Boonzies,1,12,13
Sachin_Nanayakkara,10,3,13
Pradeep_offthecliff,1,17,18
Minneapolitanian,1,1,2
BurningRoast,2,1,3
FunHunf,1,1,2
Inner-Technician1628,1,1,2
yipra97,1,1,2
wondernesss,1,2,3
whatsthe20,2,1,3
iamaconsumer,1,1,2
Inevitable-Eye5544,1,1,2
JBowers92,1,1,2
epicstruggle,2,2,4
HauntingBiscotti,1,2,3
SyndicalistCPA,1,2,3
iloveitwhenya,1,1,2
Plopfish,1,2,3
big_hearted_lion,4,2,6
MightyOwl9,1,5,6
zicxor,2,1,3
YoucancallmeCoco,1,1,2
Canadarm_Faps,1,2,3
TheInstantGamer,1,1,2
jamesstudy1,1,2,3
Dazzling-Try57,1,1,2
noWrongTurn,1,4,5
Darzanak,1,6,7
GoochCommander,2,3,5
carlosvega,1,8,9
officially_bs,1,1,2
Emergency_Reactor,2,1,3
elmijin69,2,1,3
limegreencab,1,4,5
LittleBiteOfTheJames,1,2,3
eliot3451,2,3,5
Nova_Bomber,1,4,5
AlbertoRetardo,1,1,2
soma76968,1,1,2
noobgolang,1,51,52
DrPlatelet,2,2,4
canadian-weed,1,3,4
Avandegraund,1,1,2
xsarahwhitex,1,1,2
Asac_Keelzus,1,5,6
baseilus,1,7,8
Cardoso6,1,4,5
MRAZOR12,1,13,14
DadCap20,1,1,2
YouHaveTakenItTooFar,9,3,12
runofthebulls,1,1,2
DeathStarnado8,1,16,17
GNewsBacklinks,3,2,5
Turnoversleepy,1,3,4
blademan9999,7,1,8
Level_Confidence_986,1,1,2
isaiahaguilar,1,9,10
baltimoretom,1,2,3
Vjhole,1,1,2
Ath-x64,1,1,2
Jalenp00,1,9,10
Informal_Collar426,1,1,2
a1a3a5a7a9,2,2,4
Rude-Temperature3868,1,1,2
Melancholic-Ordinary,2,2,4
milieu_b,1,1,2
username_taken_not,1,3,4
Fankeii,2,1,3
Azidamadjida,1,2,3
ivrw_qlsmhlm,1,1,2
Ok_University_8213,1,1,2
Acceptable-Camera929,1,2,3
start123,2,2,4
cleveland603,2,1,3
FatJebusLord,1,4,5
BeautyInTheNegitive,5,3,8
tta2013,1,1,2
AmazingDragon353,2,1,3
leonardo131995,1,1,2
zWasuu,1,1,2
Hibernating_Rhinos,1,1,2
ark-tech-guy,5,1,6
StopWastingTimeRayan,1,1,2
Sam_Buck,1,1,2
paanpoodakarwakar,1,2,3
no_one_6,1,4,5
sunyichen0404,1,1,2
Carrot_8244,1,2,3
plsletmepost,1,1,2
cpux86,1,1,2
Devils_doohickey,66,3,69
seaweedbrain0712,1,1,2
MikeHawkMasterBaiter,1,3,4
made_anaccountjust4u,1,3,4
DunDunnDunnnnn,1,1,2
ucstudent24,1,4,5
DisasterousGiraffe,1,2,3
Alexanderr,1,4,5
ThaCarter,1,8,9
OregonTripleBeam,2,5,7
CaptainIsCooked,1,4,5
aiptruss,1,1,2
Throwaway-Addict,1,4,5
ricardomackenzie,2,1,3
JellicleSith,1,1,2
No-Check3100,1,1,2
nzupan,1,1,2
cogent_rambling,1,3,4
m-king473,3,2,5
mtrees3,1,1,2
kawarazu,1,1,2
Sapotis,1,1,2
ArielzNas,3,4,7
qwertyqyle,1,1,2
Zeonic,1,5,6
gaymer313,1,2,3
Brightlio,1,1,2
BernieEcclestoned,1,47,48
Samurai1718,1,1,2
MistakeDiligent1021,1,1,2
thefinalboss7,2,1,3
efffalcon,1,1,2
deletedaccount41307,1,1,2
Hufflefucked,1,1,2
thesheetztweetz,3,1,4
attacktwinkie,1,4,5
de_shelly,2,1,3
SumitaMukherjee,2,2,4
maxcrazy,3,1,4
titlefightme,1,1,2
Ok_Volume9307,1,1,2
tamyahuNe2,1,1,2
Aggravating-Ad3538,2,1,3
upstockking,4,1,5
its_steve_here,5,1,6
gujaratsarakarijob,1,1,2
cubanocard,1,2,3
Royal-Noble-96,2,3,5
Rare-Independence-14,16,6,22
Kooker321,2,6,8
GodToldMe2SayThis,1,6,7
Realistic-Dingo-6795,1,1,2
MissionTop7264,1,3,4
cryptoatx,1,3,4
Warm-Sheepherder-597,1,4,5
Theaches,1,2,3
tripleyothreat,1,5,6
SaxonSteed,1,1,2
Mavenwit,1,2,3
itsapolloo,2,8,10
Techugoltd,2,1,3
BRCKDefenseAttorneys,1,3,4
marji80,10,6,16
itskings_,5,1,6
Badditor90,3,8,11
melvinmetal,1,2,3
mudit1011dube,1,1,2
Neither_Director4048,3,1,4
AnamalisticEndeavor,1,2,3
realTekendraParmar,12,1,13
BitCharacter1951,12,1,13
Cold_Snow,1,1,2
Darkangelwarlord,1,1,2
anthropaedic,3,2,5
Inevitable-Shine1760,1,2,3
sexpressed,1,1,2
iamtherealmod,6,1,7
Biosphere_Collapse,2,2,4
AliWS80,1,2,3
diggitydata,1,4,5
razertazer99,1,5,6
instilledbee,1,1,2
Remarkable-Shine-63,1,1,2
petethesnake,1,1,2
FantasticallyTwee,2,1,3
DBCheshireMan,1,1,2
Tipicaltiger,2,1,3
bryantmakesprog,3,9,12
razorbeamz,2,2,4
Jump-Careless,1,1,2
Gonoopnoop,1,1,2
acekingspade,1,1,2
DoomDark99,2,3,5
Mink_N_Sider,2,4,6
TurretLauncher,6,4,10
TheTakenRoad,1,2,3
WelderCalm4901,1,1,2
VeryLazyLewis,1,1,2
SWEET_BUS_MAN,1,5,6
PoorClassWarRoom,2,1,3
newsaggregate,5,15,20
Akid0uu,3,3,6
sharika_shah,1,2,3
kristimill,1,1,2
Imaginary_Emu3462,5,2,7
pshempel,2,1,3
John_Parlet,6,2,8
itan1994,1,1,2
WeShapeConsulting,2,2,4
nacorom,14,2,16
KristofferSeemann,4,10,14
Oogalicious,2,1,3
Quartnsession,1,1,2
MikelFury,1,5,6
J4ck101972,1,1,2
jlpcsl,48,6,54
send2s,9,1,10
kayjays89,1,2,3
Baudelaire-ulysse-7,1,1,2
Glass-Ad-2389,2,4,6
FrodoSam4Ever,32,1,33
Chris04401,1,1,2
globehater,2,1,3
Soren-J,1,1,2
Quirky_Blacksmith_57,3,2,5
BBWbombshell,1,3,4
neomeow,1,4,5
ProtolabzeService,1,3,4
LolDotHackMe,2,1,3
radix-,1,1,2
MotivateUTech,1,3,4
thawingSumTendies,41,9,50
Dependent_Client_559,1,1,2
rugbyvolcano,4,3,7
Ghost_Redditor_,2,1,3
2000SilviaHE,1,1,2
MadcowD,1,2,3
ItsameaLuiggi,1,3,4
apc4455,1,2,3
CesareBach,1,2,3
Accomplished_Tear493,7,1,8
ThenFroyo3354,1,1,2
rocketpianoman,2,1,3
Tweho,3,6,9
MoronicEpsilon,1,1,2
SulaBurmeister27,4,1,5
ThereBeGold,3,7,10
maestrojxg,1,1,2
BigE1388,1,1,2
blazingkin,2,9,11
Pat_thrills,1,3,4
noroomforvowels,1,1,2
King_x_Ironside,1,8,9
piperman_,1,1,2
kowalsky9999,7,1,8
toronto_newcomer69,1,3,4
ColGuano,1,7,8
returNOCeanic,2,2,4
Benjaminsen,19,1,20
Ajkrouse,1,1,2
GreyBeardWizard,10,1,11
Hemingbird,1,5,6
thyfoolest,1,1,2
bryani8,1,1,2
bambu92873,1,4,5
Electrical-Cow-5147,3,3,6
Alsecco,2,2,4
Vendor_question_pain,5,5,10
PossessionStandard42,1,16,17
DeejayPleazure,2,2,4
DannyMcDanface1,4,1,5
interdatalink,1,1,2
dreamersonder,3,4,7
BoysenberryTiny6417,2,3,5
JonoWalks78,2,1,3
MayoFetish,1,1,2
Jannies_R_Tarded,1,1,2
thexile02,1,1,2
pmur_tits_or_ass_plz,1,1,2
trollshep,1,1,2
meanturing,1,1,2
DiDoDa_3,1,3,4
fyigamer,1,4,5
shooterjt,1,5,6
Throwaway13373872,1,1,2
sleezyweezel95,2,1,3
Codeares-Tech,4,1,5
crazyhorse991,8,1,9
RobleyTheron,1,1,2
Rain0xer,1,5,6
OldDanishDude,1,2,3
daigoba66,1,1,2
LarpInMyGoKart,2,1,3
NickE90,1,1,2
Life_Bad_666,3,1,4
muti555,1,1,2
Short-Conflict-9586,1,1,2
michael_corleone111,1,30,31
jayarikishi,1,1,2
barelylogic,1,1,2
ablazesqaids,1,2,3
akostadi,1,1,2
Maltox1,1,1,2
PrecisionController,1,1,2
Crusader3456,4,1,5
No_Helicopter9361,2,1,3
doublewhatwhatwhat,1,1,2
ncat63,1,1,2
Azur_3,1,2,3
2422bhitchat,1,1,2
0wIix,1,1,2
Thermomanx,2,1,3
Mike7675,1,2,3
mackenzor,1,1,2
Aiolia,1,1,2
CookedFerto,1,1,2
aglagw,1,8,9
SatisfactionFine6298,1,1,2
FifaConCarne,1,5,6
Ok-Afternoon5828,1,1,2
thegreatestpretender,1,1,2
KiTaMiMe,1,1,2
theoneandonlymd,1,7,8
reddit_account6095,1,1,2
redditteer4u,1,1,2
THISISNOTLEGAL,1,6,7
davidzet,1,3,4
OldGuyGeek,1,2,3
Camigatt,1,1,2
MisterSpeaks,1,1,2
im_sauravsinha,7,1,8
digital_soapbox,1,2,3
GETTR-wenwu,1,4,5
Past-Chipmunk-1272,2,2,4
seekingsolver6,1,2,3
CellBioMan,1,1,2
Visible_Potato_2765,1,1,2
Coffeetruckowner,1,1,2
ToddTen,2,18,20
RJA_Impact,2,1,3
Oros_Jackson,1,1,2
ClimateActivist_,1,1,2
No_Combination_6154,1,1,2
Cookie_Cutter_Cook,2,1,3
cgay123005,4,1,5
unlitskintight,1,2,3
Morto1989,2,5,7
Capybaraaa,1,4,5
JSmith3406,2,1,3
Emergencydocs,1,1,2
screwredditt67,1,1,2
jeffthechimp,7,1,8
sloppyfreddy,1,2,3
imnanoguy,3,1,4
EdwardDGonzalez,1,1,2
NiightWiing04,1,1,2
opiumtoad,2,1,3
KinnerNevada,18,1,19
SheepCantFly,2,1,3
Jaspre333,1,1,2
_analysis230_,1,2,3
Devlarwin,1,1,2
williamb100,1,1,2
cmgsviettel0405,2,2,4
Parking_Attitude_519,50,12,62
Lava_97,1,1,2
Unfair_Low_6916,1,1,2
Kinelll,1,2,3
HistoricalAttempt417,1,1,2
mtanderson,1,46,47
DrogDrill,1,1,2
Maui96793,3,2,5
WhereasNo6030,1,1,2
Street_Ad_8146,1,1,2
brunnock,2,8,10
Dtr146TTV,1,1,2
workaholic007,1,2,3
williams_harris,25,1,26
PlayStationDERP,1,1,2
stockhackerDFW,20,3,23
ProfessionalAd864,1,5,6
Simonvilla1,1,1,2
dank_science_memes,1,2,3
NewImage1003,23,2,25
carlnx,1,2,3
shadeOfAwave,1,4,5
Sad_Hovercraft4145,1,1,2
Federal_Cry_2359,1,1,2
knowledge-hunk,2,1,3
devletmillet,6,1,7
highkeylowkeyedup,1,2,3
ScorpWise,2,1,3
ericand,1,1,2
BohemianBella,5,1,6
Lardypoos2,1,1,2
WorkforceWonk,4,1,5
RushingRobotics_com,2,2,4
Hotdogpizzathehut,2,1,3
Jettarie3,1,1,2
mawkish,2,3,5
Crumbeast,1,1,2
venix124,1,1,2
Uncle-Buckwild,4,1,5
illumestory,1,1,2
TechWadiya,1,1,2
lepandas,1,1,2
rudimenzi,1,1,2
barbosa800,1,1,2
fuqueue1984,1,1,2
NoNoSabathia64,2,1,3
monkeytoes90,1,3,4
s31_14m,1,1,2
darth_vidhur,1,1,2
Prometheus_Free,1,1,2
daisy45_pearl,2,1,3
kenmox,1,1,2
eddytony96,13,1,14
EliThePie17,1,1,2
x01tl,1,1,2
meetingthedream,3,2,5
Icy-Salt-719,12,1,13
xpxf69,6,21,27
jo_l21,1,1,2
logan6656663,1,7,8
alsu2launda,1,11,12
Impressive-Mud-4977,1,2,3
AdAstraSA80,1,1,2
mc_catlyst_0_0,1,1,2
smithsammuel5,11,1,12
Soul_Predator,1,2,3
boxer_dogs_dance,1,2,3
Kaze_Dagon,1,4,5
457655676,7,1,8
tshungus,1,1,2
BigJDC2015,1,1,2
ValentinaRiffe,1,1,2
oneclick360,5,1,6
thesemlas,1,1,2
Gmooos,1,1,2
ZuluClowder,1,1,2
stateofmetal,1,1,2
Ark_2x2,1,1,2
Desperate-Housing912,1,2,3
niddLerzK,1,1,2
trontrontronmega,1,1,2
Nathaniel_Rivers,1,1,2
1800cheezit,1,1,2
mpizzo123,1,1,2
Proliberate1,1,1,2
Scary-Profession-140,1,1,2
scubatom07,1,2,3
naveen_reloaded,1,1,2
animeislifenocap,1,4,5
KarlOveKnau,10,1,11
No_Breadfruit_2639,1,3,4
Zezimom,1,4,5
CosmicGoGo,1,1,2
Upstairs-Coffee101,3,1,4
FortKnoxBoner,1,1,2
Educational_Aide_999,3,1,4
DiscountPoint,1,2,3
pizzaiolo2,1,3,4
lakeoceanpond,3,1,4
Totorose04,1,1,2
XoneSogie720,1,2,3
TheSoulFactor,3,1,4
WalterVerbeke,1,1,2
thebananasplits,2,1,3
figgerswireless,1,2,3
Meta-Stark,3,10,13
MainStreetMoneyMan,3,6,9
AlecLeama5,1,2,3
SmartFreelancer,1,5,6
vovillia,2,1,3
fabianmosele,1,1,2
Vgamedead,1,1,2
Cosmic_Ray_Bit_Flip,1,2,3
AndreaBoyd2018,1,1,2
Vegetable_Issue3539,1,1,2
ThriftyNickel57,1,2,3
dannyocean7,1,1,2
Major_Bandicoot_3239,2,6,8
zigzag_el1,1,1,2
ScoMoTrudeauApricot,7,1,8
Ghazali_Sukhera,2,1,3
Rider_unlimited,1,1,2
Ok-Inspection2014,1,1,2
xXxFeatherFieldxXx,1,2,3
naturesgiver,1,1,2
Julian_1_2_3_4_5,1,1,2
kirby__000,26,1,27
BritishCorner,1,1,2
yaxrob,1,1,2
samael1212,1,1,2
novapbs,2,1,3
mrnipper,2,3,5
JuggST4R,1,1,2
scjcs,1,2,3
extranaturaly,1,3,4
Buckors,1,1,2
laowaiH,1,1,2
axeldehoon,1,1,2
PetMingau,1,1,2
anyabaker15,3,1,4
Bulky_Gear3750,1,1,2
DesignerPilky,1,1,2
No_Opening_1541,1,1,2
usaf2222,2,3,5
Virtual-Study-Campus,1,1,2
film_maker1,1,1,2
doctorzaius6969,1,1,2
teckno819,2,1,3
Legitimate_Ad_3651,2,1,3
ScorpioDawn1111,1,2,3
Own_Resort9915,1,1,2
Few-Lab9663,1,1,2
takatu_topi,1,11,12
Sadishist,15,1,16
enath,3,2,5
mic_harmony,5,1,6
chaseNscores,1,1,2
str0cc0,1,1,2
bigbootybanditishere,1,1,2
Fluid-News,2,2,4
Front_Clock_2836,2,4,6
Aggravating_Toe8949,1,1,2
Bombomp,1,1,2
concentrated-amazing,1,1,2
DaveyG80,1,2,3
VonCrispy,1,1,2
SE_US_Official,5,2,7
wappingite,1,5,6
Lost_Suggestion8876,1,1,2
Slow-Investigator-96,2,1,3
CdnKidz,1,3,4
Cyberdragofinale,2,4,6
sci_and_eng,3,1,4
ChrisArmy,1,2,3
tanbo_theman,1,3,4
Bashir_404,1,1,2
Techgeek_025,1,2,3
AHugeFreightliner,1,1,2
Daze_and_confused,1,1,2
picklesTommyPickles,1,1,2
NT_Rahi,1,1,2
thyroiconfused,1,1,2
OG_Gongshow_27,1,3,4
LittleJ1732,2,2,4
NiceDiscount7231,1,1,2
sunshineee33,1,2,3
kabelslotcf,1,1,2
Kipkarmic,1,2,3
Due-Fill-2715,1,1,2
TopTech-News,1,1,2
Biiti,1,2,3
TheDoeTheJohn,1,2,3
KAX1107,1,1,2
darkdragonrider69,1,3,4
Brilliant-Evening962,1,1,2
SevereBother6712,1,1,2
AamirQ715,2,1,3
dragon_6666,1,1,2
emab2396,1,1,2
Intelligent-Gap-3930,2,1,3
Rzekue,1,1,2
EagleEyes_009,41,2,43
Outrageous-Ad3863,1,1,2
fouro,1,3,4
Folkloreic,1,1,2
palefire999,1,2,3
erroneousprints,1,1,2
snoofling,3,9,12
ButcherStorm,2,1,3
Last_In,1,4,5
Business_Rule_8864,1,1,2
DepthsOfVision,31,6,37
BeefandCheeseLover,1,1,2
International-Yam942,1,1,2
Optimal-Ad-4323,1,1,2
Brawlocity,1,1,2
gamedevyash,2,1,3
JollyVeterinarian419,1,1,2
Fit-Pair-1121,2,2,4
hussmann,8,1,9
UppBuzz,1,2,3
NightFury_05,1,1,2
GhostOf_George_Floyd,1,12,13
Harjot_2552,1,2,3
StupidBicycle,1,1,2
Inevitable_Invite733,1,2,3
Trentwool,1,1,2
Vivid_Impression2508,3,1,4
jeremysonxbox,1,1,2
sennheiserz,1,3,4
beacham23,1,1,2
Flashy_Ad_275,2,1,3
Cliff_Dibble,2,1,3
BubsyFanboy,3,2,5
happy2003086,1,2,3
mpskierbg,1,1,2
robust_nachos,1,7,8
vulcan_on_earth,2,1,3
clll2,1,1,2
OubreBeachHouse,1,1,2
ThunkerKnivfer,1,1,2
D_E_Solomon,1,2,3
ud-ukey,1,1,2
ghosted411,1,2,3
Choice_Moment9895,2,1,3
Sol_Hando,1,6,7
e-scape,1,1,2
AvianWaffles,1,1,2
TimeStampEth,2,2,4
vaultRadon,1,1,2
SpookiScoobiCooki,1,1,2
Hakky54,1,1,2
winkelschleifer,2,2,4
Stabilizer_Jenkins,1,2,3
backlinksforseo1,2,1,3
DaddaMongo,5,1,6
Easy-Neat9784,1,2,3
joemullermd,1,4,5
userslashbetter,1,2,3
yikedonthurtme,1,3,4
One-Impression-8006,1,1,2
KookyKiwi2433,1,3,4
Steve____Stifler,1,6,7
ngn0318,1,2,3
Suspicious_Introvert,5,1,6
Express_Turn_5489,1,2,3
kingjames488,2,1,3
ChampionshipFew432,2,1,3
antoniocano7,1,1,2
Mysterious_Video_103,1,1,2
reflibman,1,1,2
LeemaAkbar,1,1,2
monaleeparis,1,1,2
rashkshana,1,1,2
MyTailNeverFails,1,1,2
Cubeseer,1,1,2
ejmajor,1,1,2
llamasonic,4,1,5
dexikay,1,1,2
Cram2024,1,1,2
CBSnews,1,2,3
checkmak01,8,1,9
timemagazine,3,1,4
Silent_Yesterday1697,1,1,2
GloWondub,1,1,2
buxors,1,1,2
k_mull87,1,1,2
Accomplished_Cow_303,2,1,3
FashionEcstasy,2,1,3
jakeanderson121,2,1,3
Available_Hamster_44,1,1,2
T_Robbert,1,1,2
smorenitez,1,1,2
Negative_Ad6063,1,2,3
kaushikz,4,3,7
Level-Wishbone5808,1,1,2
Onehandedprince,1,1,2
BernItDown20,1,1,2
generic_psychonaut,2,1,3
99problemsbutt,1,2,3
nitrogenXcube,1,2,3
NatalieJastrow,1,1,2
LogansTrash2,1,1,2
FunchPalcon,1,1,2
Zippy0118,1,1,2
bunglejeno1,1,1,2
Rajib-hasan,1,3,4
eChelicerae,1,1,2
BaosteelMetallurgy,1,1,2
i-dm,1,1,2
Spoolin_You,1,1,2
Arbaz101,1,1,2
catfarmer1998,1,1,2
TrustyAndTrue,1,1,2
sjncjkdvskdsk,1,1,2
DoobieToTheHead,1,1,2
SusBuilderMC,2,1,3
this_is_bad_yall,2,1,3
nodiibratt,1,1,2
SilverSnake127,1,1,2
sunny_Aryan,1,1,2
JusteZulu,2,1,3
bywssss,1,1,2
thisisjas9n,8,1,9
Ford_Prefect2nd,1,1,2
SgtDoughnut,1,2854,2855
bighi,1,319,320
SoulAssassin808,1,14,15
gusfring88,4,46,50
farqueue2,1,78,79
jrob323,6,849,855
moxyte,18,117,135
1_p_freely,26,1976,2002
RootHouston,1,50,51
Hitrocker,3,2,5
Dakhil,75,35,110
vanteal,1,44,45
freediverx01,1,811,812
JacobRiesenfern,1,27,28
AAVale,2,308,310
GeneralZaroff1,3,212,215
jeffinRTP,1,657,658
afterburners_engaged,3,176,179
DJanomaly,1,83,84
Alexander_Selkirk,4,18,22
lightningsnail,1,265,266
Riven_Dante,2,88,90
TethlaGang,1,63,64
thatfreshjive,2,638,640
TuvixWasMurderedR1P,1,228,229
Ftdffdfdrdd,3,359,362
kenmlin,1,11,12
vaporfang,1,22,23
simplelifestyle,6,6,12
half-spin,1,102,103
wallacebrf,1,75,76
FatFreddysCoat,3,52,55
0neday2soon,1,58,59
northerncal,1,24,25
Redd868,1,63,64
dtallee,3,16,19
Regnarg,1,20,21
txstoploss,1,335,336
Normalguy-of-course,1,7,8
tester25386,13,6,19
snowdrone,1,111,112
teh_maxh,3,299,302
l3mmyCaution,1,44,45
morron88,1,4,5
Redbeard,1,2,3
sign_up_in_secondss,2,196,198
BritishAccentTech,2,31,33
JeepChrist,1,28,29
consultinglove,1,74,75
exp_in_bed,1,19,20
Watchkeeper27,1,45,46
Modest_Ubermensch,1,965,966
jonbristow,1,118,119
OneGuyJeff,1,23,24
absentmindedjwc,2,1102,1104
Ancient_Persimmon,2,428,430
RoutePackets,1,2,3
EmbarrassedHelp,82,970,1052
Racoonie,1,77,78
Trax852,1,282,283
TheFuzziestDumpling,1,96,97
pickleer,1,268,269
HeroldMcHerold,106,106,212
Strider755,3,53,56
littleMAS,24,3573,3597
TheGiant1989,1,14,15
not-tidbits,2,125,127
droivod,2,292,294
kelpingkelp,1,3,4
chingy1337,1,138,139
Stiltonrocks,19,119,138
Fantastic-Pangolin20,1,2,3
RazekDPP,2,392,394
Yumewomiteru,1,41,42
vriska1,44,456,500
szczys,3,1,4
Neutral-President,1,516,517
mcbergstedt,1,240,241
ishtar_the_move,5,26,31
Lilatu,1,60,61
MiamiPower,23,40,63
thatblbc,2,371,373
Never-asked-for-this,1,83,84
Prolite9,1,42,43
xisde,3,911,914
Ok-Safe-981004,2,74,76
smeggysmeg,7,59,66
Phylamedeian,1,4,5
Realistic-Duck-922,4,489,493
Boby_Dobbs,1,18,19
bombombay123,1,224,225
__ARMOK__,2,120,122
darkstriders,4,249,253
NasoLittle,1,147,148
Riversntallbuildings,2,173,175
IAmAnAnonymousCoward,1,27,28
cerebrix,2,45,47
TbonerT,6,833,839
mouthofreason,4,12,16
max1001,1,457,458
Pacifistering,3,297,300
lateeveningthoughts,1,7,8
yokotron,1,402,403
DBDude,2,2454,2456
MrBluoe,1,22,23
aussie_bob,3,161,164
timmy6169,1,2,3
E420CDI,1,13,14
RunnBunnyRunn,1,60,61
the6thReplicant,1,26,27
LigerXT5,1,1039,1040
FriesWithThat,2,40,42
danielravennest,2,1916,1918
LongjumpingMonitor32,1,202,203
silence7,30,79,109
dj_spatial,1,14,15
DrinkMoreCodeMore,34,251,285
Ryham,1,1,2
quixotic_cynic,72,183,255
Cobra-D,1,26,27
-linear-,1,24,25
ElXGaspeth,1,2,3
Purpoisely_Anoying_U,1,38,39
JEDIJERRYFTW,2,50,52
Preoximerianas,1,12,13
impishrat,64,67,131
notyouraveragefag,1,64,65
UncertainlyUnfunny,1,17,18
dumpsterfire1000,1,43,44
BoldMiner,1,6,7
Bourbzahn,1,143,144
ionised,4,6,10
IIdsandsII,1,58,59
F_D_P,12,136,148
PersonBehindAScreen,1,102,103
38384,2,11,13
iamapizza,5,75,80
PsychologicalBike,1,36,37
10MinsForUsername,8,19,27
canadian_air,2,4,6
ijustsaynotoyou,1,102,103
Captain-Technology,61,12,73
Mastr_Blastr,1,210,211
Pigeonofthesea8,3,20,23
jsalsman,6,22,28
TazerPlace,1,82,83
Globalboondocker,2,68,70
Winners_History,1,308,309
Srosenbz,2,12,14
damasu950,1,7,8
XxANAL_SEEPAGExX69,1,3,4
ScreenExtension,1,17,18
NoShirtNoShoesNoDice,1,14,15
ThatOneGuy1294,1,122,123
jorgesgk,1,7,8
lasercat_pow,4,41,45
surfinThruLyfe,1,47,48
Expensive-Future-0,1,14,15
Kevin-W,2,91,93
huhIguess,1,102,103
pikindaguy,1,9,10
Murican_Freedom1776,1,32,33
parentheticalobject,2,237,239
eigenman,2,176,178
ptcounterpt,1,28,29
PuzzleMeDo,1,79,80
Norsebeliever,2,154,156
Youaresowronglolumad,1,49,50
MaybeUnderTheBed,1,11,12
PaulMorphyForPrez,1,9,10
UbbeStarborn,1,24,25
thenewyorkgod,1,95,96
IanMazgelis,1,101,102
camdoodlebop,1,97,98
ChrisTweten,15,8,23
tapo,7,76,83
dicksinabag,2,1,3
NovaS1X,1,76,77
ntgt,1,1,2
Bencolawebs,1,38,39
InsertBluescreenHere,1,840,841
Odusei,1,186,187
sikjoven,1,172,173
desertfoxz,14,124,138
benh999,231,122,353
BigRed323,1,93,94
LtDominator,1,27,28
Tetizeraz,1,7,8
MT_Flesch,5,136,141
abhi_07,1,12,13
BlueWhoSucks,1,50,51
geordilaforge,1,12,13
benderunit9000,1,315,316
14MTH30n3,1,11,12
Im_not_JB,5,53,58
TommiH,1,50,51
pier4r,1,77,78
anku17,1,3,4
qtx,1,575,576
Matkionni,1,1,2
DJ_Crunchwrap,2,104,106
ContextSwitchKiller,1,139,140
Zoran12,4,19,23
ready100computer,1,5,6
-The-Bat-,4,54,58
COMPUTER1313,29,112,141
Massimo24ore,17,39,56
JimBean,1,103,104
rt1357924680,4,15,19
TombSv,2,10,12
spamholderman,1,58,59
jphamlore,2,297,299
rhino910,1,90,91
crispy_attic,1,2,3
r66ster,1,1,2
dontgive_afuck,1,6,7
AeonDisc,1,63,64
aardw0lf11,1,158,159
mutatron,1,161,162
SirSoliloquy,2,48,50
Little-Round7584,1,3,4
cannibalwendy,7,48,55
Smash_4dams,1,102,103
Yvwh3,3,7,10
thelivingphilosophy,1,1,2
hyouko,1,22,23
no_more_lines,1,3,4
WalterBishop85,1,16,17
Mcnst,45,78,123
frog-and-scorpion,1,24,25
chance--,1,116,117
PastTense1,5,117,122
SteelerSuperFan,2,49,51
Greg-2012,1,86,87
curiouscoffee23,28,3,31
Benkaoul,4,1,5
Good_Force1844,1,6,7
MagicaItux,1,29,30
feralrage,1,5,6
gh959489,1,4,5
maxsitailo,3,4,7
ImJustaNJrefugee,3,10,13
mud_in_the_water,1,5,6
pecika,65,30,95
AdamUllstrom,1,12,13
asso19,3,74,77
atomicspace,2,8,10
Mr_Voltiac,1,6,7
jestertwok,1,17,18
RandomRedditor44,1,49,50
VirtualPoolBoy,1,38,39
PabstyLoudmouth,1,78,79
spacepeenuts,1,167,168
space_iio,2,33,35
besselfunctions,7,23,30
PickledBackseat,2,17,19
BoJaX1,2,1,3
hazysummersky,1,58,59
javaxcore,13,11,24
mitch_wds,1,1,2
ImUrFrand,2,438,440
garneringhope,5,9,14
One-Willingness1863,1,26,27
krebs01,1,15,16
baggachipz,1,20,21
Tony49UK,1,79,80
exocortex,1,4,5
lifeversace,1,10,11
patharmangsho,2,31,33
MortWellian,206,226,432
werdmouf,1,71,72
Miqblunt,1,1,2
turbotum,2,39,41
FK_919,21,19,40
GreenTeaOnMyDesk,1,12,13
LouQuacious,1,88,89
Theory-Praxis,1,25,26
eviltwintomboy,15,122,137
NYScott,1,31,32
sloblow,1,16,17
cat_prophecy,1,412,413
Shredding_Airguitar,1,129,130
VisualSpring3,3,1,4
Quique1222,1,30,31
-C0MPUTER-,1,2,3
tikinero,1,24,25
downvoteandyoulose,1,10,11
AerialDarkguy,13,141,154
OrigamiGamer,1,22,23
HeyCharrrrlie,1,50,51
MademoiselleQueen,1,1,2
EpicDuckOverlord,2,3,5
EumenidesTheKind,2,34,36
hi9580,24,37,61
paulfdietz,1,82,83
Progressiveandfiscal,1,12,13
106503204,1,21,22
College_Prestige,22,74,96
jimfoley,1,1,2
grepnork,5,7,12
Marha01,2,6,8
ElbowTight,1,5,6
cncrndctzn2,13,6,19
Funny_Growth_8966,1,33,34
-Gavin-,25,5,30
Eudaimonics,7,98,105
seven_seven,1,76,77
nanoubik,4,7,11
bigmoof,1,12,13
butterscotchswirl_,1,25,26
BrickStatus7770,1,2,3
BravoCharlie1310,2,304,306
apocalyptustree,1,24,25
AvLTechnologies,3,1,4
DinoGuy2000,1,6,7
nolesfan2011,1,3,4
Khyta,5,22,27
Iuse_arch_btw,2,73,75
theatreeducator,1,9,10
46151,1,6,7
musicroyaldrop,18,20,38
drakesylvan,1,93,94
WafflezMan,1,11,12
seanadb,2,11,13
redditismyfriend1373,2,78,80
stesch,2,62,64
PPAU_official,1,92,93
III-V,1,48,49
Odie1941,1,20,21
lightninhopkins,4,100,104
sgent,1,33,34
LunacyNow,3,55,58
xSikes,1,166,167
cats-with-mittens,1,89,90
fungussa,7,60,67
KingFlair,1,3,4
5boros,1,162,163
UNLV_REB,1,27,28
Leo_Scar,21,12,33
StayAdmiral,3,14,17
DirtyProjector,1,127,128
Afrin_Drip,1,12,13
DesolateShinigami,3,50,53
hands_can,2,57,59
-13-,1,4,5
InfoSecZach,1,1,2
fatpat,1,672,673
The_Lord_Humungus,1,11,12
quikfrozt,2,116,118
-LostInTheMachine,1,268,269
intelligentx5,1,48,49
SPACECAT223,1,42,43
EndLineTech03,3,11,14
CrookedOnetwo,1,5,6
V-Right_In_2-V,1,53,54
chrisarchitect,175,42,217
panopticon_aversion,2,13,15
Masspoint,2,35,37
SAT0725,23,30,53
SerenePerception,1,19,20
ShihPoosRule,1,3,4
RegressToTheMean,1,56,57
Martholomeow,1,426,427
SaberTheQueen,1,2,3
Kozzle,1,53,54
thymeraser,2,58,60
Aerobics111,16,1,17
stephansteve87,2,1,3
AshingKushner,1,76,77
GOR098,27,109,136
invisibleFoo,1,4,5
SsiSsiSsiSsi,1,211,212
harsh2k5,6,1,7
sunshine-filters,2,16,18
Ravenq222,1,2,3
swingadmin,130,30,160
P2PJones,1,71,72
Projekman,2,2,4
mlurve,1,4,5
DMan9797,1,2,3
aryvd_0103,1,95,96
2old-you,4,4,8
NitroLada,10,135,145
TheBigR314,1,17,18
Happyhguru,2,7,9
L_Cranston_Shadow,2,27,29
Metzae,1,3,4
twitterisawesome,1,3,4
848timings,3,3,6
jcgonzmo,1,1,2
Litz1,1,9,10
octopusnado,1,18,19
MagoCrypto,12,1,13
bluedaddy526,1,2,3
Aerothermal,5,13,18
QuicklyThisWay,46,40,86
walter_midnight,1,63,64
OneSchott,1,18,19
gin_and_toxic,2,124,126
FearLess_Alpha,2,2,4
getyourzirc0n,1,21,22
hotpost69,1,8,9
bent_crater,1,32,33
sld126,1,10,11
powercow,5,427,432
ejpusa,8,125,133
RunRevolutionary9019,1,80,81
Ephoenix6,48,2,50
signal_app,1,20,21
rcmaehl,4,51,55
JonnyKanone,1,1,2
xzene,1,5,6
jcrabapple,2,11,13
littledingusbigbrain,1,3,4
jhansonxi,1,51,52
AGoodenough,2,2,4
GhostalMedia,4,322,326
ryraps5892,1,63,64
nanoH2O,1,63,64
Trennosaurus_rex,11,28,39
PeanutNSFWandJelly,1,40,41
BL4CK-S4BB4TH,1,213,214
ChuckChuckelson,2,194,196
heeroo0,3,2,5
joeyjoejoe_7,2,19,21
rrakesharmaa,4,3,7
80cartoonyall,1,70,71
tinny123,3,32,35
miskaeducation,1,1,2
JJBoren,1,2,3
DispenserWizard,1,2,3
ndbltwy,2,43,45
redderrida,1,20,21
whicky1978,40,65,105
Various-Breath2517,1,2,3
PooPooRichardson,10,8,18
paxinfernum,4,86,90
Kazukiba,1,20,21
rit56,13,14,27
zoziw,2,42,44
a11424,1,35,36
iusemydogshampoo,1,2,3
blinkxan,1,12,13
shadowamazon,1,16,17
pastaMac,1,42,43
Lighting,2,55,57
bynextdigital,1,1,2
CatsAreGods,1,32,33
dontchewspagetti,1,7,8
revtim,1,34,35
Lint6,1,24,25
myheadfire,1,32,33
DontMicrowaveCats,1,19,20
usernumber78,1,1,2
incthunder,1,3,4
GripSecret,6,5,11
liveforever67,1,18,19
--iCantThinkOFaName-,1,4,5
Yogurt789,68,16,84
vipguy64,2,2,4
RafeeJ,1,6,7
Johnthebabayagawick,1,1,2
waynerooney501,1,6,7
daev1,1,35,36
RedditUsr2,1,22,23
didimao0072000,1,71,72
rack88,1,3,4
Dr_Midnight,1,51,52
p_m_a,1,6,7
sharkowictz,1,43,44
th3st,1,16,17
Zekro,3,16,19
Kneepucker,1,5,6
griftertm,1,20,21
Chaserivx,1,77,78
doctor6,1,7,8
Mental_band_,1,19,20
no1_vern,1,12,13
BallardRex,4,728,732
ItchyThunder,1,96,97
BsaciallyBasic,2,22,24
Morghiad,1,2,3
trendystuffz,1,1,2
ccraddock,1,8,9
linux-nerd,1,3,4
PhilDesenex,13,11,24
DeusExHumanum,2,23,25
OwlsHootTwice,1,16,17
jeerabiscuit,1,184,185
PrestineOnion,1,3,4
joj1205,1,77,78
tiggityTD,1,29,30
kronsj,11,39,50
DevaconXI,1,35,36
DeBrujin,1,1,2
PeteWenzel,10,43,53
TheMildEngineer,106,12,118
rugbyj,2,238,240
SensitiveBass6568,1,1,2
FreePrinciple270,13,10,23
AndrewHollandFIA,1,1,2
MilkshakeBoy78,1,40,41
dogemikka,1,4,5
RanchBaganch,1,37,38
41varo,1,2,3
badbaritoneplayer,1,5,6
Muckraker9,1,8,9
AdamL480,1,1,2
itwas1971,1,112,113
phlux,7,12,19
gg_59937,1,9,10
fotogneric,11,8,19
rigorousthinker,5,19,24
Depth_Magnet,1,7,8
Rare-Birthday4527,1,16,17
theabbiee,3,1,4
Niya_Sequeira,1,5,6
BikkaZz,26,32,58
SpxUmadBroYolo,1,11,12
Fishingnett,1,38,39
FreedomBoners,5,13,18
ConditionFine7154,1,2,3
Single-Fix-8742,7,5,12
asicount,1,4,5
Zombi_Sagan,1,15,16
wiredwilde,8,16,24
Jyoti_Arora01,1,1,2
SirJackson360,1,3,4
Master-Piccolo-4588,2,101,103
TypicalActuator0,2,5,7
Prunestand,15,37,52
Whoblah,1,5,6
skaboss241,1,6,7
Snoo_42276,1,21,22
race2tb,1,2,3
Ophensive1,3,3,6
CptVimes,1,6,7
grumpyfrench,1,165,166
oldirishfart,1,22,23
matali,3,87,90
wiseguy2235,1,29,30
Readypsyc,1,2,3
Lonerwithaboner420,1,3,4
Rikuddo,1,24,25
RoundSparrow,1,30,31
miortiq,1,1,2
ShawnBrandy,1,1,2
SatisfactionNaive370,3,63,66
JohnConquest,1,9,10
ExMundanis,7,1,8
juanTressel,1,2,3
yxlmal,1,3,4
imakeholesinu,1,48,49
marilyn_mansonv2,6,4,10
Guilty-Vegetable-726,1,3,4
jasonefmonk,3,75,78
HPCBusinessManager,1,91,92
francohab,1,68,69
AptitudeSky,7,9,16
throwawayamd14,1,16,17
AvatarIII,1,104,105
epanek,1,15,16
PlaydoughMonster,1,6,7
ultra_nick,1,1,2
Bobby_Globule,1,5,6
Ice_Burn,4,10,14
Defiant_Race_7544,303,13,316
Sybertron,1,39,40
tomatus89,5,6,11
MasterpieceFit6715,2,5,7
Tshin_suma,1,34,35
SomethingMatter,1,257,258
PuraVidaPagan,1,5,6
3-46pm,1,6,7
robinbiro,1,4,5
DatalessUniverse,1,17,18
ParachutedOut,2,6,8
hollowgram,1,4,5
iliketurkeys1,4,92,96
HarmonyQuinn1618,1,10,11
blamdin,1,8,9
AREssshhhk,3,293,296
sheeeeeez,4,55,59
XtraPoint70,5,2,7
bayashad,1,1,2
NefariousnessHead414,5,2,7
Far_Mathematici,1,5,6
havereddit,2,18,20
dd99,1,4,5
Neosis,1,19,20
Infranto,1,28,29
nyroshan,6,4,10
germano_nh,2,17,19
pianobutter,1,5,6
bmwracer0,1,2,3
Cacious,1,2,3
Spacey42069,3,63,66
scott_steiner_phd,12,54,66
Remo_253,1,4,5
FancyPea677,22,12,34
TheLordB,1,107,108
Aquatim,1,2,3
SPorterBridges,1,64,65
bel2man,4,55,59
Alec_Strebec,1,26,27
Time-Opportunity-436,1,105,106
GuapChino,1,1,2
boundfortrees,1,12,13
a-horse-has-no-name,1,10,11
josi13,5,3,8
TheSharpestNinja,1,5,6
your_alley,1,1,2
ExactLocation1,2,38,40
loose_tuber,1,4,5
Ok_Upstairs7832,1,2,3
ezbnsteve,1,10,11
dashanan,1,7,8
No-Wolverine2973,4,7,11
rsa861217,2,10,12
earwig20,1,5,6
AwesomeWhiteDude,1,37,38
GalileoGurdjieff,5,10,15
wee1tee,1,3,4
VariousVarieties,1,2,3
JahDanko,1,7,8
CrassDemon,1,21,22
Deep_Agent_3972,1,1,2
Witty-Village-2503,10,131,141
ohhellnooooooooo,2,24,26
pointson,1,10,11
LithiumToast,1,4,5
NonRiggedElection,1,1,2
Vucea,37,28,65
Ganeshadream,3,39,42
CorporateSympathizer,11,41,52
DaftPump,1,41,42
Kevtron,1,2,3
degenerus,1,33,34
DangerCheck,1,2,3
DirectionNo420,1,9,10
IM-VRnAR,2,1,3
mhoke63,2,27,29
ZalmoxisRemembers,1,53,54
whacim,2,8,10
Meanie_Cream_Cake,1,4,5
dogGirl666,1,17,18
eldrichride,1,10,11
Yrouel86,1,34,35
fkmodidts,1,2,3
Friorgh,1,59,60
boltonstreetbeat,1,4,5
Paneraiguy1,10,20,30
Tokkertim,2,3,5
blood_bag,5,8,13
mrafaeldie12,1,16,17
taiwoheard,3,15,18
Le_Rekt_Guy,1,23,24
Xtreeam,1,32,33
magnificent18,1,1,2
sorayanelle,2,5,7
WarOfNoise,1,1,2
DolourousEdd,1,9,10
spsheridan,34,8,42
irkli,4,71,75
ElysiumSprouts,1,152,153
the-player-of-games,4,2,6
pishposhpoppycock,1,9,10
mohventtoh,1,4,5
Esset_89,1,55,56
AccomplishedHornet5,1,10,11
mandito99,1,5,6
tycooperaow,9,55,64
ProtocolNews,1,34,35
JollyGreenLittleGuy,1,11,12
Krostas,3,1,4
DeclaringIndependenc,1,11,12
Saltedline,144,5,149
anobserver101,5,8,13
ivan510,1,19,20
prodev321,1,1,2
Lolkac,1,23,24
sasko12,34,6,40
flatearth_user,2,1,3
ic7806,1,2,3
ghostcatzero,1,13,14
The_Comrade_Joe,2,10,12
xcubeee,1,29,30
idiomech,1,6,7
OpportunityIll9792,1,1,2
kuahara,1,47,48
shadysus,2,33,35
Jolly_Reaction_9262,1,3,4
Strange_Tell_8508,12,123,135
ClassOptimal7655,12,18,30
DrCalFun,12,7,19
DarkWhirlpool,1,2,3
shahg2644,3,1,4
mom0nga,4,8,12
PlaneNearby9958,1,4,5
Sun_Astro,3,3,6
gthing,1,79,80
FlamingoFarts4You,1,9,10
HungoverRabbit,1,3,4
bionic_zit_splitter,1,74,75
Xx_memer_XD95,1,1,2
raatmarien,1,2,3
2SK170A,1,99,100
kleer001,1,5,6
shitismydestiny,1,3,4
Tomahawkin95,2,3,5
foregoingscissors,1,2,3
Strong-Detective9071,1,2,3
taike0886,1,12,13
lolichaser01,1,9,10
thepeanutsfootball,1,2,3
NotErikUden,2,86,88
xd1936,2,9,11
Arve,1,22,23
lulzForMoney,3,6,9
Zebster10,1,1,2
BeeBobMC,5,13,18
SchottGun,1,6,7
StaffCampStaff,1,5,6
Opcn,3,15,18
sufficiently_tortuga,1,18,19
Pathos316,1,3,4
--__p__--,2,4,6
LookAtThatBacon,12,53,65
Wolfram_George,1,1,2
danfirst,2,41,43
BoogieDick,1,14,15
deevandiacle,1,35,36
Csj2454,1,2,3
kernals12,8,33,41
AmHoomon,1,86,87
Powerfucking5000,1,10,11
blueSGL,1,215,216
LookRevolutionary198,1,26,27
fragrance-harbour,13,2,15
ryderr9,1,8,9
Habundia,1,20,21
SpaceFaceMistake,8,18,26
noahzasin,1,4,5
RobotFisto,1,151,152
aggie1391,1,4,5
foundafreeusername,1,221,222
purposefulprofit,1,1,2
yavvee,1,4,5
RealWorldJunkie,1,4,5
techvirtualus,1,1,2
Jbikecommuter,2,7,9
Wildcrabet,2,1,3
platformenterprise,1,1,2
whatweshouldcallyou,1,374,375
Uncerte,1,17,18
mookiebomber,2,11,13
vonhinke,1,1,2
USA-Politics,1,3,4
Mrsparkles7100,1,23,24
the100rabh,1,11,12
Taro_Naza,1,1,2
michaelmclam,3,10,13
ElonMuskWellEndowed,6,9,15
lord-___-vader,1,4,5
zombienekers,3,19,22
Witty_Ad_9833,3,2,5
rbartlejr,2,1,3
nolazo,1,1,2
Salty-Moment-65,1,8,9
Chewbacker,1,17,18
xcvas,1,1,2
Billy_Lo,2,4,6
ragnarokfps,1,8,9
165701020,8,12,20
Buhdumtssss,2,27,29
Easyflip,1,1,2
throaway_fire,1,41,42
DataStaples,3,5,8
FewWarning8066,1,1,2
Pickaa,1,14,15
ardi62,8,56,64
ghostwritermen,1,1,2
SanctimoniousApe,1,41,42
happy_bluebird,1,12,13
lumpkin2013,7,5,12
kittyissleeping,1,3,4
khasta1,2,1,3
sudhir369,2,2,4
uhhhwhatok,6,25,31
good1dave,1,1,2
terpin,4,29,33
woodchuckgym,1,6,7
CivilSky2067,1,1,2
dreamcastfanboy34,12,34,46
javi2591,12,7,19
RenegadeUK,1,2,3
Stansmith1133,5,2,7
andre891,1,3,4
Mantastica,1,1,2
OOOOOO0OOOOO,1,9,10
NYY657545,1,12,13
Ga1v5,2,2,4
TechGuy95,3,5,8
Cheekclapped,1,43,44
Salted_Butter,2,8,10
GoSh4rks,1,34,35
GrenadineBombardier,1,21,22
NorrieRugger,1,2,3
getgoodgetlmaobox,2,3,5
claryleighton,1,1,2
No-Economist3226,1,1,2
SilkyMitts12,1,1,2
SideSalad42,1,19,20
_HMCB_,1,81,82
DoremusJessup,96,3,99
Matriseblog,7,3,10
psyFungii,1,5,6
like_forgotten_words,1,15,16
MrG,1,17,18
alimehdi242,1,3,4
ripsa,1,3,4
fredericksonKorea,1,89,90
msiekkinen,1,18,19
eri_18,2,6,8
Confident_Bison_7375,9,5,14
Murky_Floor4805,1,2,3
FLAlex111,8,1,9
willpauer,1,14,15
zino3000,1,6,7
opoopo11,1,1,2
daileyjd,1,6,7
Fire7707,1,2,3
TheAtheistArab87,3,13,16
4lgedbeast,1,1,2
acreakingstaircase,1,10,11
NorridAU,1,12,13
Original_Iripoet,1,1,2
knowledgebass,1,42,43
diaflux,1,1,2
SiiJey,1,2,3
nkunzi,1,9,10
4Wf2n5,2,85,87
silicontechnews,3,1,4
surprisinglyfriendly,2,3,5
Helicase21,6,14,20
Serenesis_,3,12,15
memunkey,1,11,12
dadofbimbim,31,9,40
Infamous_Turn60,1,24,25
klm45,1,1,2
NoEquivalent9279,1,19,20
Candydfloss,1,2,3
SarahBrownEye,3,46,49
RangeroftheIsle,2,7,9
FranticPonE,1,4,5
Thegreatgarbo,1,2,3
Butterscotch766,2,16,18
sylvaing,3,60,63
YouGetHoynes,1,2,3
boingboingdollcars,1,12,13
Kurumi_Shadowfall,1,2,3
chris3000,1,2,3
Vailhem,446,28,474
AggravatingTea1992,1,18,19
DarthPorg,1,4,5
arrftr,1,4,5
Jamessuperfun,1,8,9
iNEEDheplreddit,1,7,8
carrotcypher,1,44,45
ouyawei,1,18,19
LaveshPillay,1,3,4
Extreme_Address7043,3,75,78
DemiFiendRSA,31,3,34
CynicusRex,1,7,8
SuccessfulOperation,9,3,12
Raghavendra98,3,17,20
ehfang56,1,1,2
_vibrate_,2,4,6
e2analyst,1,2,3
MeterRabbit,2,3,5
F0064R,1,13,14
SavingsTask,1,12,13
Tex_Steel,1,4,5
OnthelooseAnonymoose,1,27,28
wensafeo,1,1,2
nullc,1,4,5
iTOXlN,1,4,5
printial,18,27,45
Financial-Ground-942,4,27,31
HeadAdhesiveness2,1,1,2
spellbanisher,1,43,44
dividebyoh,1,3,4
128e,2,8,10
burtzev,8,5,13
LifelongLesrner2021,3,1,4
southbaytechguru,12,25,37
veganswag,1,1,2
petepro,1,25,26
likwitsnake,1,21,22
FamouslyGrizzled,8,12,20
MangoMind20,1,12,13
goonerish_,3,2,5
jack_hof,1,28,29
zck,2,1,3
dtantono,1,79,80
dbzer0,1,5,6
mankls3,5,7,12
ImOnYourScreen,1,3,4
woke_up_early,1,3,4
rogerram1,10,7,17
No-Cantaloupe-7183,1,11,12
scoobydad76,1,28,29
Shitsteamporkboot,1,1,2
BayMind,1,5,6
Downtown-Donut-9140,3,2,5
swimmerRei5687,1,1,2
RealBillPaxton,1,5,6
Leading_Economics_79,2,3,5
Outrageous_Reach7734,1,1,2
MedonSirius,1,12,13
ankitshil,1,3,4
metabolic-tx,1,1,2
Faelix,1,6,7
TheBerkay,1,5,6
AlbertSmithson,1,1,2
madchas34,1,1,2
Sheepy-Matt-59,1,5,6
mepper,184,5,189
Fair_Feeling_933,1,2,3
IneptProfessional,1,5,6
hungryim,1,1,2
signdNWgooglethstime,1,19,20
Thebuguy,1,7,8
Disastrous-End7677,1,11,12
KuyaEduard,1,49,50
Objective_Reason_140,1,18,19
CartographerLivid834,2,6,8
LickingAssIsRimming,1,12,13
XalAtoh,1,17,18
psychedoutcasts,1,78,79
Alextricity,1,8,9
Thomytricky,1,1,2
techlover44,1,2,3
aspectator5,1,1,2
joeg26reddit,1,123,124
fakomii,1,1,2
Derek15027,1,1,2
arahmedraza22,3,2,5
EncountersApp,2,1,3
badboyant,3,6,9
gobonkles,1,20,21
MKorostoff,1,3,4
1slimbone,1,4,5
20220502,3,2,5
the_flys_fly,2,8,10
keepingitrealsies,1,5,6
jake_nordigen,3,4,7
konstantin_metz,20,4,24
flyinpnw,1,16,17
gutter007,1,1,2
Hellohihi0123,2,5,7
_Gunga_Din_,1,3,4
OyaHikikomori,1,1,2
StupidRedditorBTW,2,1,3
the_remainder_17,3,1,4
LordFedorington,1,2,3
Mozilla-Foundation,4,2,6
Wherify,1,3,4
T-A-Wycoff,1,1,2
Fpscharles,1,11,12
Troll_Random,1,2,3
CharyBrown,29,4,33
yash13,41,9,50
outsourced_bob,1,7,8
Joe_Anselm,4,4,8
RodrigoBarragan,1,11,12
Queen_Of_The_Danged,4,31,35
Brilliant-lyFunny888,1,16,17
MinderBinderCapital,2,123,125
AdCapital2210,2,1,3
thenewrepublic,3,4,7
diab2000,1,1,2
19nick96,3,1,4
AeneidDesign,1,1,2
Vidco91,4,60,64
armedcats,1,23,24
xwolfe2000,1,5,6
Zulfenstein,1,5,6
Ayrane,5,6,11
Doom_Guy_Needhelp,3,1,4
muchcharles,1,14,15
marfes3,1,8,9
DustinBrett,2,13,15
seat51c,21,20,41
rgm2073,1,8,9
RoboNyaa,1,78,79
Tamos40000,1,22,23
Dymonika,1,7,8
Mc_King_95,3,1,4
3InchesOfThunder,1,6,7
culman13,1,8,9
Scary-Winter1851,1,1,2
Spirited-Pause,23,8,31
EnterpriseNews_Elf,717,1,718
ENG-funf,3,3,6
DonIncandenza,1,4,5
Otherwise-Pen-5181,1,2,3
ewe_r,1,8,9
ProteinPapi777,1,1,2
Ozymandias_a,1,5,6
Madame_President_,7,1,8
WhiskeyProposition,1,4,5
nikhilb_local,1,2,3
MadSanityIssues,1,1,2
GAmooose,1,1,2
singleguy79,1,14,15
vermontyplier,1,2,3
Icy-Record-7773,1,16,17
DownBadddddd,1,62,63
IASIPxIASIP,2,1,3
Fluffy_Morning_1569,1,12,13
fatcat111,4,2,6
trakk3,1,7,8
-skeema-,1,4,5
GreenerThanYou,1,4,5
badger707_XXL,111,6,117
BigBronco,1,1,2
lpsupercell25,1,2,3
santari1,1,5,6
CuteV_a3,1,3,4
Dreeg_Ocedam,5,7,12
Criticalma55,3,9,12
Yellow_Bee,2,24,26
420VHS,1,12,13
grab-n-g0,4,17,21
parsonification,1,1,2
FriendsCallMeZ,2,1,3
castella-1557,2,1,3
designer1one,1,1,2
Wizard_Hax,1,4,5
patrioticbets,1,1,2
zyrkor90,1,3,4
BlueZybez,3,2,5
StraddleTheFence,1,3,4
SeminolesRenegade,10,16,26
Ransacky,1,12,13
lucydogg,1,6,7
rustyfinch,1,10,11
jknotts,2,4,6
zabaduza,1,2,3
rleonard_03,1,1,2
jungongsh,1,2,3
DooDooDuterte,1,3,4
AllWoolEverything,1,1,2
brideoflinux,1,5,6
faulty_circuit,1,3,4
matiyarosz,1,17,18
Ok_Pirate_8219,1,1,2
sepehr_brk,1,9,10
mguvu,1,4,5
DynamicTech22,3,1,4
GuyNamedLindsey,1,3,4
Anonasty,1,4,5
LordSaumya,1,3,4
Joeclu,1,26,27
Puzzled-Bite-8467,1,6,7
interdimensionaltaxi,1,2,3
ibm_khalil,1,1,2
Daohaus,1,36,37
sagacious-tendencies,1,22,23
0neiria,1,1,2
yoyi470,2,2,4
IndepeEann,1,2,3
BroodyWall15,1,3,4
themaddowrealm,2,28,30
nekmint,1,2,3
eppic123,1,19,20
Splenda,1,14,15
Gax63,2,23,25
dontmindsifidont,1,15,16
kingakrasia,1,11,12
peileip,1,1,2
JKUAN108,3,9,12
ai-added,2,1,3
alexanderwanxiety,2,7,9
Fucking-Peg-Me,1,1,2
Gizzy739,1,1,2
EDMlov3,2,1,3
gHeadphone,3,1,4
NeverEndingSwim,1,1,2
HRJafael,19,4,23
rrhoads17,1,1,2
123456American,3,34,37
pappie30,1,19,20
Accomplished_Truth56,1,6,7
Truetree9999,3,24,27
69_420_420-69,1,2,3
jarkaise,3,5,8
alanwong,7,2,9
Phishing_for_bytes,8,10,18
LanceLunis,1,3,4
jonnyuta,1,1,2
DarkBlueMullet,2,27,29
Existing_Fig4064,1,1,2
GoogleBabeler,2,2,4
SafePossibility,1,3,4
nrcds,1,1,2
hotdwag,1,6,7
subsonico,2,7,9
SarahMagical,1,58,59
nogoodnamesleft426,3,1,4
DavidWallace_CFO,5,5,10
nath1234,1,2,3
Habenerogangsta,1,10,11
_mully_,1,14,15
defnotgrumbo,1,4,5
Willbcrypto,1,9,10
Apart_Shock,11,5,16
GnarlyStuff,1,2,3
UnstatesmanlikeChi,42,3,45
MingTianJian,1,1,2
Zijdehoen,1,3,4
Ok_Cantaloupe_7423,1,5,6
orangutan-man-77,1,3,4
nerd_of_gods,2,2,4
effgee,1,2,3
goldiefin,1,4,5
smmedianews,1,2,3
havogames,1,3,4
ManiacMango33,2,9,11
EforieNord,3,13,16
TradingAllIn,75,7,82
prixb,47,10,57
aacool,35,13,48
Yalkim,1,14,15
Tech_Decoder,4,1,5
Jawaka99,1,34,35
Zaggie,1,2,3
Newvision20,1,1,2
Conner14,1,4,5
Sportsguy02431,2,19,21
reuters,3,3,6
Drizzt1990,1,6,7
yanneves,1,1,2
Jennie_Ruby_,1,2,3
goosefatboy,3,1,4
KeyFisch,1,5,6
MsPI1996,1,14,15
Noveos_Republic,1,3,4
proof-of-lake,1,1,2
sgfjeibd,1,14,15
VictimOfRhythm,1,1,2
sirhamsteralot,1,4,5
MrCappadocia,1,26,27
DotAccomplished5484,1,20,21
Dylan-Baddour,3,6,9
Night247,1,2,3
tokendasher,2,11,13
maymaynibba,1,6,7
Jober1989,1,1,2
Unfairerorb76,1,3,4
kwentongskyblue,2,1,3
trainer235643,5,26,31
skifters,1,1,2
Meckles94,1,5,6
foutreardent,1,14,15
lugh,2,2,4
PaintYourDemons,4,42,46
c0viDOMME,6,1,7
REDCLOUDKICKSTARTER,4,1,5
homepagia,1,1,2
agnosticautonomy,1,27,28
Mystic_Pizza_King,1,1,2
Fridux,1,3,4
cocomac42,1,1,2
Fuck_CDPR,2,22,24
gentlemedia,1,1,2
mycolortv,1,5,6
0r1ginalNam3,2,4,6
voodoo_doc_411,1,3,4
Gold_Talk_732,5,4,9
Puzzleheaded_Hold655,1,1,2
Anxious_Impression17,1,7,8
Difficult-Positive35,1,16,17
whtisthis,1,1,2
Bill3000,1,3,4
TheGuvnor247,2,1,3
TRiG_Ireland,2,3,5
Svengalio,1,5,6
Restoration_Magic,1,18,19
Born-Department2814,4,2,6
nogiyoxo,8,22,30
MySquidHasAFirstName,2,17,19
default_redditor1,1,2,3
Wild_Contribution126,1,3,4
campuscodi,5,4,9
iBalls,2,1,3
bagaudin,1,2,3
Newlowstomorrow,2,2,4
jolenzy,1,1,2
bytecollision,1,7,8
WrithingBat,1,2,3
Queen__Antifa,1,10,11
dj-ekstraklasa,1,2,3
AumentIO,1,2,3
diegolrs,1,1,2
matpompili,1,4,5
kakistocrator,1,1,2
skobul,1,4,5
ParaDigitz,1,2,3
Silly-Paramedic9734,1,1,2
new-man2,1,2,3
O-ZeNe,2,14,16
MadDog00312,1,14,15
badgerette86,1,9,10
RelativeSchedule5089,2,2,4
Lokki007,4,2,6
p8pes,2,5,7
zero-2-one_,1,1,2
robnelsonlive,1,3,4
tophatthis,8,2,10
daniloedu,1,7,8
mykl66,2,3,5
chocotripchip,1,1,2
ekalyvio,1,1,2
daniesza,1,7,8
Fancy-Plastic7703,1,2,3
SharpPoetry,1,1,2
theeberhart,1,1,2
IrkedMaxx,1,2,3
SennheiserHD6XX,1,4,5
Amalrachdi,1,1,2
asbjbmkklmmllmnb,1,4,5
myphotographing,1,9,10
Admirable-Judgment32,1,1,2
SteveFrenchie,3,6,9
samueljbrewer1,1,2,3
RedditOpinionist,1,15,16
HeronPlus5566,1,3,4
MrFantomBOI,1,2,3
t1mu1,1,1,2
butthole_bomber,1,1,2
NRgumN,1,1,2
dantheman333,2,2,4
tubaintothewildfern,2,4,6
PolishSoundGuy,1,7,8
Miro_Highskanen_4,3,3,6
wylinne,1,3,4
vax_mzn,1,6,7
brieberbuder,1,1,2
JohannGoethe,1,3,4
cricri3007,1,2,3
Both-Classroom-2877,2,1,3
FriedChicken,1,5,6
1oarecare,4,3,7
kalianes,1,2,3
dashdevs,4,3,7
4inalfantasy,5,4,9
davetenhave,2,3,5
ITlocknkey,2,2,4
Jealous-Indication-8,2,1,3
run-26_2,2,17,19
TeddyRooseveltballs,1,1,2
reddit1abc,9,3,12
Durante-Sora,1,3,4
Mrk2d,1,1,2
bishop_steve,1,1,2
FickleEcho429,1,2,3
brodip,2,4,6
VerlinMerlin,1,11,12
-ponko-,1,1,2
Oscuridad_mi_amigo,6,3,9
ProfessorEkim,5,4,9
rk5577,1,1,2
canadaoilguy,3,1,4
rscarson,1,3,4
500scnds,3,2,5
N00b22,1,4,5
bethebumblebee,3,16,19
king-luci-,1,3,4
HonestRadical,1,1,2
NayamAmarshe,1,14,15
Piano_Fingerbanger,1,7,8
mark01254,1,3,4
angelicamendas29,1,7,8
poliporn,1,3,4
atthejrr2,1,2,3
Blnk_usr,1,2,3
M_O_N_T_I,1,2,3
spectre013,1,2,3
GlayNation,1,11,12
Massive_Parsley_5000,1,8,9
Eliana7654,1,1,2
scrutontapeletters,3,2,5
IamHardware,1,3,4
inspirz,1,1,2
boxro,3,1,4
matbonucci,1,5,6
000kevinlee000,1,3,4
westerngaming1,1,1,2
6razyboy,4,2,6
faizyMD,4,1,5
King_Shami,2,5,7
theindependentonline,7,5,12
Efficient_Speed1221,1,2,3
jondavidbrooks,1,1,2
Cold-Challenge9971,2,1,3
slow_ultras,2,1,3
jmbsc,2,1,3
thatshirtman,7,1,8
Arawish,1,2,3
badeaknows,1,1,2
Saylar,1,5,6
mrezhash3750,1,39,40
MirceaKitsune,1,2,3
Aashish_Thapa,2,5,7
Divasf,1,5,6
88leo,1,15,16
djwired,3,10,13
Electric_General,1,12,13
saj1011,1,1,2
Rocky_Mountain_Way,1,2,3
John-The-Bomb-2,4,3,7
Frantickler,1,3,4
GoneInSixtyFrames,2,3,5
jmoincali,1,3,4
Asleep_Macaron_5153,1,12,13
AnyStupidQuestions,1,10,11
ZRsito,1,1,2
jsingh21,1,5,6
SaladinTheFourth,1,1,2
WinterStar38655,1,52,53
pixelated_fish,1,4,5
Itsmrnobodytoyou,1,1,2
SuspiciousWhale99,2,2,4
ilikegoogle,2,1,3
dragon8811,2,1,3
869066,1,6,7
The____Wizrd,2,1,3
s2pidgenius,3,1,4
zerotakashi,1,3,4
abc123xyz12,1,1,2
p4bl0,1,1,2
futureproofable,3,6,9
TheBrassrhino,3,1,4
ur_comment_is_a_song,1,2,3
Drew_Ferran,1,1,2
ISangria,1,1,2
metatport,1,1,2
goodstuff000,1,1,2
AmericanScream,1,32,33
alcl163,1,5,6
Twrd4321,3,2,5
straylittlelambs,1,20,21
dontfollowthesheeple,2,4,6
Haunting-Somewhere-6,1,1,2
ProRace_X,1,2,3
prabhnoorhans,1,1,2
Pizza-pen,1,9,10
MotorDrive,1,3,4
neuralsyntax,1,2,3
harmlesspublicity,1,3,4
techyuser,2,3,5
towelheadass,1,17,18
DrixlRey,1,5,6
Pobo1738,1,1,2
NOT-JEFFREY-NELSON,1,7,8
argotheme,1,1,2
thisisyourfucker,3,3,6
Arebranchestreehands,1,2,3
TheDivon,1,2,3
tryinghard96,2,24,26
Kilo_Hacker,3,1,4
AsianRaisu,1,1,2
timafoliy,2,1,3
jaramini,1,4,5
dionVy,1,6,7
AustinMarsh2018,1,1,2
Starlight_369,1,2,3
BeneficialEngineer32,2,7,9
Willthehacker,1,2,3
floppingsets,1,7,8
Dry_Channel2711,1,1,2
colenotphil,1,8,9
God-first-1974,3,1,4
stayonthecloud,1,23,24
robert_ritz,1,3,4
KawhiLeonardIsSenpai,1,1,2
nexert233,1,5,6
alistair1537,1,8,9
Comfortable_Ad5713,5,2,7
E_Falcon,5,2,7
TerranFish,2,5,7
Haunting_Quote2277,8,10,18
QArea_ltd,3,1,4
Tao_Dragon,127,2,129
aeranis,1,2,3
No-Drawing-6975,34,4,38
Brandon4466,1,2,3
Express_Hyena,1,8,9
TheDaywalkerneo,1,1,2
pnewuser,1,2,3
ezaytkd,1,1,2
Big-_Floppa,6,12,18
anushka-gupta,1,2,3
yourarticlewriting,3,1,4
red_carpet_magic,1,9,10
Sarah_with_hh,2,1,3
Jkorija,1,2,3
AaronWeezer,1,3,4
technofuture8,1,55,56
imll99,1,5,6
CapAmericaJr,2,2,4
ragnoros,1,3,4
Saborwing,1,2,3
ottolouis,1,1,2
imbyath,1,1,2
drcpanda,3,4,7
band_in_DC,1,4,5
betablocker619,5,10,15
BB4evaTB12,1,1,2
scoozo55,1,1,2
Mr-Toy,1,4,5
wordswontcomeout,1,3,4
Krotonius,1,1,2
miixms,3,9,12
Alert-Foot-64,10,5,15
xlttech,2,3,5
CanIHaveOxfordPlease,1,1,2
unquietwiki,1,1,2
ProofPhysics9132,1,3,4
KayTheMadScientist,1,4,5
Redbeard1167,1,1,2
officiallyBA,1,1,2
homothebrave,49,10,59
Ski1990,1,1,2
Willing_Poet_8078,3,1,4
TX908,16,3,19
allez-opi_omi,12,1,13
Franks_over_sriracha,1,1,2
problematikUAV,1,5,6
muan2012,2,8,10
Aleclr,1,1,2
Thementalistt,1,2,3
SubhoPal,1,2,3
WebApp-Store,1,2,3
ajtheshutterbug,1,5,6
HealthMotor8651,3,4,7
dfgooner,6,8,14
OrdinaryAlbatross528,1,1,2
theayosamuel,1,2,3
Enzo-chan,2,6,8
Possible-Focus7786,1,1,2
everlovingkindness,12,25,37
billyd94,1,3,4
Possible_Weekend,1,1,2
ArtistChef,1,4,5
TealTriangle,1,1,2
brutalanglosaxon,1,9,10
dagsmurphy1984,1,8,9
PuzzleheadedHeat4409,14,5,19
isabel_77,1,1,2
HumanOrAlien,2,7,9
chub79,1,1,2
Tompthrowaway345432,1,6,7
Robertchevvy,2,1,3
homerq,1,6,7
NoticeDq_,1,1,2
ScipioAtTheGate,2,1,3
Anywhere-Little,1,2,3
Quelene,1,1,2
explodeder,1,11,12
lildocta,1,6,7
No_StopItStepbro,1,4,5
TJline123,1,1,2
Longjumping_Can_5692,1,8,9
ForHidingSquirrels,4,7,11
joostbosman,1,2,3
amangig,1,1,2
JohnSith,3,8,11
PepeBabinski,2,1,3
jining,2,2,4
swsko,2,3,5
estorica,1,1,2
Glaucomys_sabrinus,1,1,2
Manfred_89,1,2,3
Am_I_leg_end,1,3,4
pajeetscammer2,1,1,2
mrcanard,5,4,9
7ewis,1,1,2
wingslutz69,17,1,18
ethereal3xp,16,36,52
todd_beedy,2,2,4
astonfred,1,1,2
sfo2021,1,1,2
maybombs,1,2,3
marlinmarlin99,1,4,5
o_t_i_s_,1,2,3
boldstrategy,1,5,6
lightbuffalo418,1,1,2
letsfixsociety,2,46,48
alexiosanta,1,2,3
GlaxoJohnSmith,2,3,5
PlusUltra-san,1,4,5
FourMakesTwoUNLESS,2,1,3
atrium5200,1,3,4
stonedkrypto,1,5,6
ShortMONSTER,1,1,2
JadedagainNZ,2,6,8
sharonmckaysbff1991,1,3,4
Galtha58,1,5,6
creation_networks,1,1,2
bottsking,1,4,5
kloolegend,1,3,4
Crystallization-,1,4,5
pilot2031,4,4,8
thefunkylemon,2,1,3
sacredmonster2,2,3,5
Jae-Bum,1,2,3
Stonyclaws,1,6,7
larel8,1,2,3
Ambitious_Pepper5224,1,1,2
randalflagg,3,2,5
Confident_Glass_6381,1,1,2
Prajwal14,4,1,5
ImportanceDecent92,1,1,2
chopsui101,1,2,3
Skyfox2k,1,1,2
hanselthecaretaker,1,1,2
ScreamOfVengeance,1,1,2
mansotired,1,4,5
MetaMonsieur2050,1,1,2
Treeswinga,1,3,4
KevZero,3,3,6
Robbbbbbbbb,3,1,4
Missende_i,1,1,2
shamansufi,5,4,9
Enron_Musk,14,1,15
SpartaNNNN4,13,2,15
Kazundo_Goda,1,5,6
captsmokeywork,1,5,6
iamaneditor,2,7,9
ntrsfrml,5,1,6
lisasmatrix,1,2,3
Moto_Davidson,1,2,3
thetimmyjohnson,1,4,5
StinkingBadger,1,1,2
00EvilAce,4,4,8
fge40910,1,1,2
iboughtarock,2,1,3
gunnystarshina,1,1,2
SympathyOver1244,2,3,5
Empibee,2,6,8
Wrong_Nobody_6699,1,1,2
Grand_Faiz,1,3,4
blobfish997,1,13,14
red__what,4,1,5
vingeran,1,8,9
RevolutionaryCatch5,1,2,3
the4thcoior,3,1,4
flynerd3000,1,1,2
Factech-Solutions,1,1,2
StoicOptom,2,10,12
BTrain76,1,2,3
TravelingRob,1,3,4
nkarkas,1,4,5
garryzhuang794,1,1,2
ibbzz9,1,1,2
Have_A_Look,1,1,2
RodolfoTheWriter,1,2,3
Stossel_,1,3,4
justcool393,3,4,7
afjalru,1,3,4
Flimsy_Ad_9722,1,1,2
locks_are_paranoid,1,2,3
benjisaurus-flex,1,3,4
shanezam203,1,1,2
bonzai_science,1,3,4
JSKindaGuy,1,3,4
CCDemille,3,4,7
Cupoftia27,1,1,2
ReggieLab,6,1,7
0210-,1,8,9
anonymous888888855,1,3,4
Plankton-0932,1,3,4
CrackSand,1,2,3
ComprehensiveFloor13,1,1,2
Fixerr,1,1,2
stanxv,6,1,7
cvvdrops,1,6,7
GlassAthlete8860,1,1,2
DarkHaagenti,1,2,3
febaobrien,1,1,2
Fhassan47,1,6,7
genxrd,1,1,2
plausibleinn,1,1,2
Queasy_Willingness_4,1,1,2
ay8xT4,2,36,38
jikesar968,2,6,8
hawlc,11,2,13
Squium,3,1,4
Cheesecakethin20,1,11,12
ohmynothing,1,3,4
RykerAlden,1,1,2
gumball_Jones,1,3,4
da_chosen1,1,2,3
neverleaving2023,1,10,11
HorrorAstronomer,1,2,3
BoxCarMike,1,3,4
jrcomputing,2,12,14
McFatty7,13,34,47
Current_Macaroon3317,1,1,2
Jkarpmane,1,1,2
Ornery-Cap3723,1,1,2
Formal-Stranger-5914,1,2,3
PropertyOk302,1,1,2
Ansamxq,1,1,2
damian2000,1,2,3
Onepicky,1,1,2
WTHPod,1,4,5
nekorocket,1,2,3
technocornucopia,1,1,2
Fit_Gain_456,1,1,2
shinxmon,1,6,7
jeffsmith202,8,13,21
TCr0wn,1,1,2
smithdepp123,1,1,2
imagrandma2,2,1,3
Covaloch,1,4,5
Additional-Escape498,1,10,11
Party-Sound-5421,1,1,2
Huckleberry_007,1,2,3
ihavestrings,8,20,28
Futuristiccrypto,1,14,15
shakhawat0410,21,3,24
MATR20,3,2,5
blazinfastjohny,1,1,2
LindaPutTheCoffeeOn,1,1,2
ThisIsNotCorn,2,1,3
hellO_india,1,1,2
8ro9uyxz,1,1,2
Memetic1,1,1,2
a4anishm,2,1,3
Bozzooo,1,3,4
_and_I_,1,7,8
RefrigeratorInside65,1,9,10
schwachs,7,1,8
ml_hardware,1,1,2
A3H3,8,3,11
dept_of_samizdat,1,3,4
EvilVegetable9000,1,6,7
designerlifela,1,3,4
MrBanana21,1,6,7
Startrail_wanderer,3,53,56
jain36493,1,4,5
No-Cell-4575,1,4,5
beastmaster,1,3,4
theamazingcalculator,1,2,3
Emotional_Cover537,1,1,2
kiddenz,2,2,4
GnuZach,1,1,2
ComradeCommissary,2,2,4
Vendoban,5,1,6
machinetype,1,1,2
SergeantSalamii,1,8,9
MrMusAddict,1,2,3
kurosen,1,3,4
pltyz,2,3,5
Necessary-Captain-72,1,2,3
zer0_snot,1,5,6
Hikvision_India,1,1,2
tempMonero123,1,3,4
whateveruwantit2b-,1,1,2
Protonu3102,1,1,2
LeVentNoir,1,2,3
gambolputty_johann,1,1,2
CokedOutWalrus,1,1,2
anthony_AIsolutions,5,1,6
intogymshit,1,1,2
upvoteorconsequence,1,1,2
it-was-justathought,1,3,4
Entreprenuer10000000,2,1,3
heavonsdemon,2,2,4
EvilBison420,1,2,3
Supercompositeman13,1,2,3
farfaraway,2,4,6
LeftyScout,1,1,2
junostik,1,1,2
ThisSeaworthiness,1,2,3
fielddata,1,1,2
goawayineedsleep,1,3,4
driesdep,1,1,2
dloksnel,1,1,2
CartographerGrouchy2,1,1,2
Automatic_Cow583,1,1,2
ZeroIn_Tech,6,1,7
Gamingstoner00,1,1,2
SkarredGhost,1,1,2
realwebinfo,4,1,5
jmjohns2,1,1,2
Krazyscientist,12,1,13
BlandJars,1,1,2
Xmissionoverload,1,3,4
GetOffMyGrassBrats,1,4,5
TobaTekSingh,1,1,2
Kortayn,2,1,3
LBP2Fan_,1,1,2
Winterisbucky,2,3,5
Extra_Chemist5206,1,1,2
LonelyContext,1,9,10
ColoHusker,2,2,4
Fixthe-Fernback,1,1,2
SGVKidd626,1,2,3
Blue-world2,1,1,2
Climhazzard73,1,2,3
Ok-Common-177,2,1,3
Sy3Zy3Gy3,1,1,2
kemkomkinomi,1,2,3
thisisinsider,2,18,20
igroos,3,1,4
anemomylos,1,2,3
wart365,3,57,60
MadManCrow,1,2,3
AddictedContractor,1,1,2
MC_Cuff_Lnx,3,2,5
Crypto_Actuary,1,1,2
kuvrterker,1,1,2
ReasonableWedding661,1,2,3
LM_04,2,1,3
aegon_4_2_targareyan,1,3,4
keeper-1901,1,1,2
mostlybiscuit,2,1,3
qleptt,1,1,2
Marshall_Cleiton,1,3,4
wheenus,1,4,5
GIThrow,2,6,8
grzzjk,1,1,2
Gouenji_Shuuya,2,11,13
Errorsdoc11,1,1,2
Zachincool,1,5,6
Delicious-Spray3244,1,1,2
swapnil511994,2,2,4
Justahomieinneed,1,1,2
connectsteven,1,1,2
Cdstrx,1,1,2
RedLilSleepy,1,1,2
franklynopethough,1,1,2
AidentWest,4,1,5
illDrinkToIt,1,1,2
rogerthelodger,1,2,3
ResearcherDue767,1,1,2
JaredReabow,1,1,2
shakeyjake,1,2,3
ProfessionDramatic33,2,1,3
DinoWith500Teeth,2,4,6
spymish,2,2,4
Apprehensive_Bingo,1,1,2
mike_plumpeo,2,27,29
GodsendNYC,1,2,3
Suspicious_Pay3300,1,1,2
Zestyclose_Equal_857,1,1,2
Wbab-Casual,2,1,3
Reasonably_Bee,3,16,19
burtcopaint,1,2,3
jmpz11,1,1,2
axolotl_laserbeam,3,1,4
DogeLord081,1,3,4
riverstyxoath,1,2,3
thyshinycatafalque,1,2,3
buzzfeednews,1,1,2
chmp356,1,2,3
okok32real,3,1,4
EduGreens,1,1,2
Meetmehere6,1,1,2
adelinajacob,4,1,5
elephanthoody,1,1,2
gregaro,1,1,2
bakaslam,2,2,4
Wesleppard,1,1,2
SnooOwls1850,2,3,5
HannaApple,1,3,4
alairock,1,2,3
ahivarn,1,1,2
sadnlonely916,1,2,3
i-really-like-mac,1,1,2
Acrzyguy,14,1,15
Ayush_JainMB,1,1,2
ANONYMOUSTIMETRAVELR,1,1,2
MeAmBizarro,1,2,3
Leonardo_ofVinci,1,1,2
DynamoJonesJr,1,1,2
PineappleNo4448,3,8,11
Surpotato,1,1,2
atlantisitservices,1,1,2
thatswhatyougot,1,1,2
laughingbuddha5555,1,1,2
Double_Snow2314,1,1,2
I-Have-N0-Username,1,2,3
timmy30274,1,1,2
revdrgonzo,3,2,5
Unhappy_Raspberry_21,1,2,3
Traditional_Dot_5231,1,1,2
Wolf515013,1,6,7
tiff_seattle,1,3,4
PartyGuy-01,1,1,2
ninabaksh,1,1,2
brczaj,1,2,3
JungleJuggler,6,3,9
XumEater69,1,3,4
No_Lingonberry_6722,1,1,2
Zultoo,1,1,2
2Fast4,1,1,2
chiayewken,2,2,4
TieMoney685,1,1,2
atlantacharlie,1,1,2
Todyfor,2,1,3
CandyZerg,1,1,2
cocoanut_palm,2,1,3
Ill_Term_7052,1,5,6
GHAZIS,2,5,7
Rook32KingPawn,1,2,3
themanxx72,1,2,3
SpaceInMyBrain,2,2,4
addy_newton008,1,2,3
mikemessiah,1,1,2
DeeptechCommunity,1,1,2
McSnoo,4,3,7
Carlos0087,1,1,2
Spicy_Bicycle,1,1,2
fv7061,1,2,3
Izshringels,1,2,3
sullafelixculpa,1,1,2
DueAspect6030,1,1,2
cemetaryofpasswords,1,1,2
PorkyPigDid911,2,9,11
talking_points_memo,3,1,4
HackerEarth-Inc,17,1,18
john133435,1,1,2
ponnytail,1,1,2
bloomberg,3,3,6
alexei-2,1,1,2
Charming_Scholar_421,1,1,2
ASM-DigitalRenegade,5,4,9
Ermahgerd1,2,2,4
Overthrow_Capitalism,1,4,5
SimonCaine,1,3,4
LividAstronomer,2,2,4
Upbeat-Record7491,1,1,2
nobones3,1,1,2
xuteloops,1,4,5
Controllaplayer5,1,1,2
VNKT-FOREVER,1,2,3
shardoolkashyap,2,1,3
Ongazord,1,1,2
oivaizmir,2,2,4
Ok-Advisor-668,1,2,3
THELUEAPP,1,1,2
Far_Inspector3626,1,3,4
Lost-Sun9561,1,1,2
hyperfreak51,1,1,2
Affectionate_Key182,1,1,2
_Amante_de_la_Moda_,1,1,2
djsanjo,1,1,2
Adventurous-Bed8851,1,2,3
parrothead_,1,1,2
Plasmoidification,2,3,5
Remote-Management-84,1,1,2
GuilhermeLourenco,1,1,2
Rnsc,1,1,2
KmballKnn1son499,1,2,3
DarronFeldstein,2,5,7
nebula931,1,1,2
AccomplishedTomato59,1,1,2
stha_magar,2,1,3
657Westfield,1,1,2
AmericanArcon,1,5,6
Working_Dealer_5102,6,2,8
TheMcChickenirl,1,1,2
pmaf,2,1,3
Coffeeisbetta,1,1,2
yourlifeisadream,2,3,5
Traditional_Key6164,1,1,2
microcrash,1,1,2
MozillaRally,1,1,2
Demented3,1,1,2
Apart_Bag_1237,1,2,3
johncarlow,3,1,4
bluecapella,2,1,3
stevewatt_1234,1,1,2
Ok-Recipe-3762,2,1,3
LucDoesReddit,1,1,2
Consistent-Engineer8,4,1,5
Paper2847,1,1,2
just_learner,1,1,2
WhyIsYourMomHere,4,1,5
1angrylittlevoice,2,2,4
Wooden-Possibility-7,1,1,2
Themoviekings23,2,2,4
-memeking-,1,1,2
bbrodsky,1,1,2
Theheisenbergh,1,1,2
geeupp,1,1,2
baghdadcafe,1,1,2
Ash8Hearts,1,1,2
InGenCorp,1,1,2
Embarrassed-Mouse-49,1,3,4
cd-Johanne,1,1,2
Plane_Comb_2756,1,1,2
just--keep--swimming,7,2,9
bobybobobo,3,2,5
MrITfreely,1,1,2
keyuriousity,1,1,2
CakeEatingPeasant,1,1,2
VogonSoup,1,1,2
AP24inMumbai,11,2,13
Flonity,1,1,2
Balanophagy,1,1,2
spencersoper,1,1,2
p3opl3,1,1,2
WiserNewsletter,1,2,3
adamsot34157678,3,2,5
xavier_mamba,2,3,5
teffhk,1,1,2
LimeeSdaa,1,2,3
DeauxDeaux,1,1,2
Skullpt-Art,1,11,12
Mr_Branflakes,1,1,2
Teddybear405,1,1,2
stravinsky_,1,1,2
chrispy508,2,2,4
Rad1t,9,3,12
developsbd,3,1,4
Karma_Crave,7,2,9
heyhari,1,1,2
Bleary_Eyed,1,1,2
No-Independent-63,1,1,2
EsPlaceYT,3,1,4
Intelligent-Shake758,1,4,5
OfflinePWM,1,1,2
ImYoDeddy87,1,1,2
TheOneInTheHat,1,5,6
madhurendrasachan,1,1,2
potato_patato1,1,2,3
gangsteroflove1,1,10,11
chautuanpro91,1,1,2
GhostofUkraine,2,1,3
BlamingBuddha,1,8,9
whatskarmaeh,1,1,2
WebDeveloper_007,1,1,2
Glum_Pop_1331,1,1,2
Undertaker_G21,1,1,2
No_Big_5687,2,1,3
Truzie34,3,1,4
Tunlin555,2,1,3
ignoredisrespect,1,1,2
ArcadEd,1,1,2
vasu34k,1,1,2
johnadams0729,1,1,2
tutu30,1,1,2
calivessel,1,1,2
ExileInCle19,1,1,2
V_talks_alot,1,3,4
IAM_14U2NV,1,1,2
UnderstandingCalm474,1,3,4
likemi,1,1,2
floridadaze,1,1,2
attiude_knight,1,1,2
calliope_kekule,3,3,6
Your_Moms_Wack,1,1,2
VeryWackyIdeas,1,3,4
Enostro,2,1,3
IsraelPimentel,2,1,3
Mystery_Log,1,1,2
Archchancellor,1,2,3
AnonCaptain0022,2,3,5
if_elseif_else,1,4,5
HappinessIsA_,1,1,2
Kamilo124,1,1,2
Cyberpunk-News,2,1,3
deepsnowtrack,1,1,2
muntaxitome,1,1,2
bil_sabab,22,1,23
Dylan67167,2,1,3
I_lost_the_science,1,5,6
simonlaforgue,1,1,2
One-Pin-6926,6,1,7
shtefhan,2,1,3
Khaliyabrothers,6,3,9
Keumars,1,1,2
inaLilah,1,1,2
Bettylovescrypto,3,1,4
Harry_Asscrack,1,1,2
kuddlybuddly,1,1,2
Malwarebeasts,1,3,4
three_dots--,1,2,3
NotWeakKneeSigils,1,1,2
Cubeytheawesome,1,2,3
TakeshiKovacsAI,1,1,2
Conscious-Stand4720,1,1,2
EmberTheBee,1,1,2
AvinashVallarapu,3,1,4
al-at-smartdrone,1,1,2
No-March6922,1,1,2
curtis_perrin,3,1,4
fixegamer,1,1,2
Brnl3sssSvg,4,1,5
cardart,4,1,5
UCantCenaMe,2,1,3
benito40,1,1,2
ashwin9960,1,1,2
Leading_Standard_998,2,1,3
techcrack,1,1,2
Jpoolman25,2,2,4
pardonmyfranton,1,1,2
dinesh115599,2,5,7
Proper_Buy_710,4,1,5
creativefisher,2,1,3
Organic_Potato_2635,1,1,2
Lisztomania1098213,1,1,2
boosie234,1,1,2
LeadingSufficient558,1,1,2
tcourtney22,2,3,5
Prior_Capable,1,1,2
aveoon,1,1,2
freddledgruntbugly,7,1,8
shickari,1,2,3
donnygel,8,1,9
GanGa,3,7,10
Drsangetsu,1,1,2
tarmortum,1,4,5
squidwurd,1,1,2
marvisrunning,1,1,2
Flimsy_Diet,1,1,2
godog,1,3,4
Thisnamesgoodyeah,1,1,2
njman10,1,4,5
panadavanda,1,1,2
ObligationAware3755,1,1,2
mjfnd,1,3,4
J_elias95,1,1,2
That-Bridge-lock,3,6,9
PseudoPatriotsNotPog,2,1,3
shyleader,1,1,2
Free_Exchange3081,1,1,2
Original_Dogmeat,4,1,5
Acrobatic_Baker_4713,8,1,9
johnryan433,1,2,3
averydolohov,1,1,2
Glavurdan,1,1,2
stepover7,5,3,8
Critical-Breakfast99,1,1,2
Cateatinghouseplant,1,1,2
lucid8,1,1,2
TheHolsh,1,2,3
SuccessfulArticle218,1,2,3
Low-Capital3667,1,1,2
Routine_Ask3374,2,1,3
Trash_man_can,1,3,4
Lowservvinio,1,1,2
keatonhj,1,2,3
JimmyConway__,1,1,2
Holland1954,1,1,2
Pure-Insurance430,1,1,2
theshanealv,1,1,2
hartator,1,2,3
cubechris,1,1,2
Wild_Dragonfruit1744,1,2,3
KetaFiendx100,1,1,2
Unhappy_Version7565,2,2,4
NineteenSixtySix,4,2,6
RottenHedgehog,1,1,2
lebbe,1,1,2
DigitalKingKD,2,1,3
fxmonk,1,3,4
MrCorrectTruth,1,1,2
Sh1ftyGh0st30,1,1,2
Galactus_Jones762,1,1,2
Bright_Ad_2848,1,2,3
TVRamosAlves,1,1,2
YMYOH,1,1,2
rolling_sloths,1,1,2
Damocles_7,1,3,4
RaspberryLogical,1,1,2
Financial_Owl_7245,2,4,6
Sir_Senpaii,1,1,2
ButtonOrchid,2,1,3
Possible-Economics16,1,1,2
cloudswarm,1,1,2
KeyPerspective7,2,2,4
TitaniumArse,3,1,4
aztroneka,1,2,3
WhooisWhoo,1,1,2
Indiantechscammer69,1,1,2
Nimgorth,1,1,2
LazyWIS,2,1,3
OnlyTalkMoney,1,5,6
Expensive_Ball6802,2,1,3
mithun2010,1,1,2
RelevantWindow9051,1,1,2
tradrich,1,1,2
incredibleamazing,1,1,2
Fathead_pinhead63,1,1,2
zacker150,1,564,565
YouKilledMyTeardrop,1,11,12
JohnnyFootballHero,3,150,153
badtradesguy,1,25,26
32624647,1,1,2
PoopnEvryDay,3,212,215
Drakonx1,1,226,227
Zinziberruderalis,7,184,191
Kanye-is-alt-right,1,153,154
braiam,1,306,307
BuccellatiExplainsIt,1,22,23
IamAndyXu,2,2,4
tiffanylan,1,90,91
damontoo,5,1358,1363
pixl_graphix,1,1393,1394
theungod,1,43,44
Chispy,17,161,178
vanhalenbr,15,441,456
HappySkullsplitter,2,14,16
southernatheistscum,1,1,2
Birdy_Cephon_Altera,2,136,138
GliTHC,1,8,9
uberfission,1,65,66
PraiseGod_BareBone,4,76,80
pipsdontsqueak,71,56,127
bruce656,1,60,61
I_SAY_FUCK_A_LOT__,1,11,12
SmokeyShine,1,575,576
chakan2,1,263,264
MyVideoConverter,6,21,27
ev3rm0r3,1,112,113
cuteman,1,682,683
sheepsleepdeep,1,143,144
c_m_33,1,20,21
doives,1,66,67
rekabis,1,66,67
Soupjoe5,211,527,738
Einherjaren97,1,14,15
abe_froman_skc,1,196,197
notickeynoworky,1,56,57
JeevesAI,22,591,613
ExternalUserError,3,207,210
giltwist,1,118,119
Bulky-Mark315,27,47,74
jabberwockxeno,11,186,197
PrawnTyas,1,86,87
ShacksMcCoy,1,593,594
NotYourSnowBunny,2,103,105
jugosIoven,1,137,138
skarama,1,11,12
LightSparrow,1,29,30
Infamous_Yogurt2858,1,563,564
CaptainTomato21,6,19,25
gwillicoder,1,57,58
yobby928,1,10,11
JohnDoe_2408,1,95,96
flaskman,1,12,13
sooner2016,1,45,46
bitfriend6,19,1099,1118
riding_tides,1,42,43
iheartsimracing,4,42,46
smokeyser,1,1488,1489
PBR--Streetgang,20,52,72
elegance78,1,207,208
dksprocket,1,42,43
BlatantConservative,1,82,83
Weary-Depth-1118,3,60,63
SotiresZ,1,11,12
NityaStriker,102,2059,2161
Halaku,1,5,6
Duckbilling,1,141,142
scuczu,1,64,65
philipwhiuk,1,35,36
computerguy0-0,1,36,37
afrcnc,15,17,32
DarthBuzzard,14,4603,4617
Cyberjonesyisback,1,3,4
ggroverggiraffe,1,44,45
wyldcat,4,12,16
OffgridRadio,2,285,287
SparkStormrider,6,200,206
somanyroads,1,273,274
Projectrage,8,146,154
FlingingGoronGonads,8,61,69
DRKMSTR,1,215,216
kunadian,1,43,44
Carbidereaper,1,414,415
Enough_Ladder9623,1,54,55
Orbitingkittenfarm,3,31,34
neon_overload,2,348,350
oxjox,1,214,215
DataIsMyCopilot,1,60,61
darkstarman,3,659,662
WIbigdog,1,260,261
Jaamac2025,12,13,25
shubhbadonia,150,113,263
DelphiCapital,2,137,139
HVPhoto,1,65,66
mnggnm,2,8,10
EthosPathosLegos,1,125,126
hwmpunk,1,202,203
Toastman04,1,42,43
casc1701,1,100,101
monkeywhaler,29,91,120
Pukhtoon69,1,3,4
app4that,8,29,37
Lasson01,2,2,4
fail-deadly-,2,224,226
makemejelly49,1,217,218
0KdQ6,4,200,204
imgprojts,1,259,260
Nethlem,2,287,289
holyknight00,1,27,28
TipTapTips,1,76,77
rourobouros,2,141,143
Cyruslego,5,3,8
pcurve,3,58,61
hugglenugget,23,235,258
seedstarter7,1,19,20
lokitoth,1,199,200
MiloGoesToTheFatFarm,1,163,164
maximusraleighus,1,108,109
Swagnum_Pl,1,3,4
No_Firefighter_1722,1,1,2
human-no560,11,87,98
m4r1vs,1,3,4
katylady405,5,3,8
ArthurWintersight,1,53,54
what51tmean,1,165,166
Nitorblog,9,1,10
ajt9000,1,200,201
anubis119,1,5,6
propperprim,60,82,142
JustWhatAmI,1,234,235
_PM_ME_PANGOLINS_,4,205,209
twitchosx,1,157,158
names_are_useless,1,5,6
teh_fizz,1,240,241
jeemchan,1,2,3
cfull_19,1,1,2
hawaiijim,1,57,58
Bitcoin_to_da_Moon,2,3,5
Elastichedgehog,1,56,57
Sihal,1,2,3
matts1,1,239,240
VehicleNegative,1,90,91
SushiJuice,1,16,17
Ssider69,157,519,676
Jeheh,1,196,197
TransATL,1,11,12
lastdinosaur17,1,5,6
FarceMultiplier,1,163,164
DiDuLiDuDa,2,43,45
Throwaway567864333,2,8,10
RverfulltimeOne,1,342,343
Mojicana,1,25,26
ProgsRS,18,139,157
12358,2,85,87
kaips1,1,127,128
MichaelMyersFanClub,2,321,323
bhdp_23,1,138,139
mrajoiner,1,9,10
infodawg,3,442,445
loi044,1,41,42
sammythepiper,122,55,177
Sanderhh,1,28,29
DFSniper,1,69,70
DMWebsiteDesign,1,1,2
Esc_ape_artist,1,396,397
Blarghnog,1,149,150
PathToExile,1,86,87
habichuelacondulce,282,56,338
fsnowdin,1,12,13
robot_turtle,1,41,42
m8nceman,2,3,5
steve303,1,9,10
Chanti239,1,3,4
Zhukov-74,66,120,186
NineteenEighty9,17,7,24
harmonia777,1,34,35
Altruistic_Camel,1,34,35
Shabooh,1,1,2
darkstarrising,15,14,29
extremenachos,1,39,40
mogeboyce,1,1,2
m0ondoggy,1,109,110
goki7,58,17,75
Glittering_Ad_2887,1,1,2
Thestockbroker22,1,6,7
Dregenfox,6,78,84
Nickr1521,1,28,29
PastaArt,2,35,37
Agelaius-Phoeniceus,2,143,145
JRWoodwardMSW,5,83,88
maluminse,1,179,180
LolaHunt,24,87,111
Lost_Bathroom_7203,1,91,92
bobbane,2,35,37
Dreaming_Android121,1,15,16
pfaccioxx,20,51,71
inspiredby,1,65,66
Yashpreet_Singh,7,15,22
BalticsFox,237,58,295
narya_the_great,1,3,4
KingSlayer94,1,17,18
digital_angel_316,3,68,71
idanthology,5,3,8
PriorPhilip,1,33,34
PeruvianHeadshrinker,1,132,133
PuzzlePlankton,2,72,74
bbellini,1,2,3
Rogaar,1,169,170
uniqueusername316,1,4,5
lodge28,1,35,36
aboycandream,1,58,59
Sorin61,2545,86,2631
ilikecakenow,1,50,51
TheTrotters,4,35,39
Lost_in_Nebraska402,1,16,17
AuthenTosh,1,6,7
raven080068,9,117,126
ISAMU13,1,428,429
o_joo,11,6,17
djprofitt,1,49,50
boxxkicker,1,2,3
DragonSided-D,1,316,317
altreport,6,14,20
noicegc,1,6,7
_BeingHuman_,1,3,4
LisaMck041,26,5,31
kungfoojesus,1,79,80
thatirishguy0,3,131,134
d01100100,2,181,183
speakhyroglyphically,1,17,18
Circlemadeeverything,1,237,238
WexfordHo,11,357,368
iamsuperflush,1,80,81
socookre,12,2,14
roamingandy,1,33,34
OHMAIGOSH,1,14,15
gullydowny,5,335,340
a-tech-account,1,15,16
InternetArtisan,1,301,302
InadequateUsername,5,238,243
DJDarren,2,127,129
wizzerking,9,19,28
Kamran_Santiago,1,15,16
altbekannt,12,33,45
Swampberry,1,83,84
BaconWithBaking,1,14,15
pale_blue_dots,3,165,168
GiveMeOneGoodReason,1,29,30
AWF_Noone,1,166,167
jmdugan,1,7,8
AcanthisittaDry9244,1,3,4
bukowski_knew,1,11,12
respectyoelder,1,2,3
Quantum_Dynamo,1,3,4
Worms_sg,1,16,17
vishalnegal,6,73,79
chandra381,1,5,6
caspy7,1,43,44
Blackadder_,1,187,188
Constable306,1,2,3
Dr_Legacy,1,10,11
Clevererer,1,301,302
Right-Bathroom-5287,7,9,16
noilddude,1,1,2
treetyoselfcarol,60,45,105
DeadHorse1975,1,26,27
-thesandman-,1,4,5
madmax_br5,1,120,121
milkfiend,1,10,11
guylfe,1,4,5
__ejdjsj,2,1,3
Inquisitive_idiot,1,199,200
draemn,1,161,162
Eurynom0s,12,112,124
CallingAIBullshit,2,2,4
voice-of-reason_,1,39,40
Longjumping_Diver_27,1,1,2
moeburn,1,295,296
flicter22,3,77,80
Sachyriel,1,42,43
Just_Another_Gen-Zer,1,2,3
gojira-is-real,1,7,8
slartzy,2,52,54
Racist_FemboyV2,3,4,7
Dipluz,3,11,14
JeaTaxy,1,38,39
GSto,1,1,2
Jakesully2009,2,10,12
cambeiu,28,189,217
ToJestStronaSmieci,6,18,24
farekrow,1,6,7
elcrack0r,1,63,64
ChocolateTsar,9,28,37
nzx_88,1,1,2
tinhead168,1,34,35
AnAdvancedBot,1,15,16
mdnNSK,1,10,11
FuckingPope,4,2,6
Ginrob,1,3,4
xiao95,3,1,4
Logan_Mac,29,99,128
Sanlear,11,3,14
IBeatUpLiamNeeson,2,7,9
i010011010,1,176,177
superben79,1,37,38
---Sanguine---,1,6,7
trackofalljades,3,155,158
dect60,18,29,47
KIComputing,3,1,4
too_much_to_do,1,17,18
Horseman_,1,9,10
Seminal_Sound,1,5,6
jpflathead,11,16,27
fatuous_uvula,1,2,3
yoni_eth,24,9,33
AyeAyeLtd,1,6,7
BronzeHeart92,6,205,211
jurgemaister,1,2,3
WoshJills,1,6,7
slayeromen,2,15,17
antihostile,1,34,35
JerkyChew,1,21,22
IMB451,9,5,14
True_Sea_1377,1,72,73
Humidhotness68,1,4,5
rainbowarriorhere,50,18,68
shane_4_us,3,10,13
clgoh,1,19,20
the_internaut01,1,2,3
BigNoisyChrisCooke,1,6,7
Exact_Quote_6132,3,51,54
MassiveLawfulness,1,4,5
i_am_atoms,2,43,45
insomnimax_99,7,7,14
Deep-Room6932,1,25,26
kevin_dung,14,13,27
fchung,168,18,186
bored_curator,51,11,62
WrongPurpose,1,29,30
westernmail,2,26,28
SharpBeat,15,12,27
Hailtothething,2,112,114
dedokta,1,42,43
Electr0m0tive,1,9,10
Nervous-Ear-8594,1,46,47
Slobotic,1,55,56
TheProtagonist_73N37,1,1,2
ouatedephoque,1,69,70
Dr_Clout,1,16,17
PauloPatricio,25,12,37
CMScientist,4,51,55
oceanplum,2,12,14
CavemanJamess,1,42,43
VodkaHaze,1,14,15
Qlanger,1,88,89
TirelessGuerilla,1,15,16
slinkyminks,2,1,3
PrinceofVanNuys,1,7,8
deadlywoodlouse,1,4,5
kbuis,1,20,21
je97,12,39,51
Unlikely-Flamingo,1,40,41
Patch86UK,1,19,20
Mortico,1,59,60
forcefulPisser,1,1,2
wise_quote,4,13,17
aScottishBoat,2,1,3
Windows_is_Malware,1,37,38
evandijk70,2,9,11
IphtashuFitz,2,36,38
Karekajr,2,1,3
Adorable_Magician,1,3,4
justinmillerco,1,14,15
AlyoshaV,1,6,7
thinkingperson,1,45,46
altogether_elsewhere,1,26,27
katiecharm,1,202,203
morenewsat11,19,35,54
cannonhawk,1,7,8
Frequent-Cucumber-64,1,1,2
Nathan_Proctor,22,7,29
Pilsner_Maxwell,1,2,3
xwolfalpha,1,1,2
speckz,1337,11,1348
nixass,4,42,46
wappleby,1,8,9
Aluliman,1,24,25
pro-__-turtle,1,4,5
TomatoCorner,1,12,13
polarbark,1,161,162
johnnychan81,19,148,167
Megapopeye,3,1,4
penguinopusredux,23,101,124
azrael6947,1,9,10
Beanboy690,1,1,2
dead10ck,2,12,14
deincarnated,1,44,45
Exostrike,2,50,52
DrVagax,1,60,61
deyheimler,1,4,5
rodsn,1,14,15
08830,85,2,87
bhodrolok,74,11,85
Eirenex,1,23,24
Wireless_Life,1,1,2
Abscess2,91,14,105
Ogbeski9223,1,2,3
SprawlWino,1,13,14
TimeSpentWasting,1,15,16
kelso_0,1,4,5
bisse_von_fluga,1,1,2
Gberg888,1,54,55
BostonPanda,1,11,12
mycall,1,62,63
brazilliandanny,1,23,24
do_you_even_ship_bro,50,689,739
engrav,1,6,7
callmecrazydave,3,4,7
emotionalfescue,2,167,169
Cr3X1eUZ,1,13,14
rostyclav999,1,6,7
jrobbio,1,16,17
outlawlooseandrunnin,1,2,3
angry_abe,5,41,46
joughy1,1,3,4
mehconomics,1,15,16
uiuctodd,1,13,14
ThunderEcho100,1,20,21
DavidJAntifacebook,3,75,78
Doomathemoonman,1,6,7
thedragonslove,1,11,12
P-9_grinch,1,13,14
MysteryInc152,1,79,80
cultnicker,5,7,12
Buibaxd,1,3,4
BehindTheRedCurtain,2,10,12
ItsTheUltimateBob,16,13,29
Jason_Qwerty,1,21,22
SaltSnowball,1,3,4
sindisil,1,1,2
ken27238,1,10,11
Morty_A2666,2,118,120
sacred_algebra_2,3,14,17
madladolle,1,17,18
numbbbb,2,3,5
ToRedditIsToCensor,1,3,4
Nysona9114,1,3,4
Diuqil69,1,38,39
blackdevil32,4,3,7
Real_Bumblebee7005,1,1,2
echisholm,1,82,83
Responsible_Leader_3,1,1,2
Manception,2,9,11
wondefulhumanbeing,1,21,22
LloydAtkinson,1,46,47
LoremEpsomSalt,1,35,36
riffic,2,17,19
sixthsheik,12,8,20
EOE97,3,64,67
WalkLikeAnEgyptian69,6,9,15
Prudent_Reindeer9627,2,34,36
jmdawson,2,1,3
PaybackTony,2,13,15
cerebrumInfotech123,17,5,22
gallopo,1,1,2
Chicaben,1,9,10
HinaKawaSan,2,58,60
SomeSchmidt,2,16,18
skanderbeg7,1,70,71
EastTexGuy,1,4,5
ritesh808,2,142,144
Rusty_Bicycle,1,17,18
erleichda70-,1,14,15
nametaken_thisonetoo,1,5,6
maygamer96,1,2,3
killing_time,1,4,5
AtheistGuy1,2,211,213
escapedfromthecrypt,1,270,271
kongweeneverdie,4,9,13
SIOYGYG,1,7,8
BrokeMacMountain,2,510,512
chickaboomba,1,14,15
Skeletor1991,1,2,3
CaliPirate421,1,2,3
osgnostic,2,3,5
Future-Estimate1170,2,2,4
VisualBizMark,1,59,60
plazman30,1,13,14
uriman,7,29,36
deltatango90,3,8,11
eljuanjamon,1,2,3
luxtechy,2,7,9
bonydogfarts,1,7,8
Designer-Response858,2,6,8
doggywoggy101,2,100,102
ComprehensiveMath367,1,3,4
jamughal1987,1,88,89
LudovicoSpecs,2,96,98
_G_M_E_,2,85,87
sharkirony,1,11,12
TheWrapOfKhan,1,6,7
Rational-Being-9253,2,20,22
yolofreeway,6,46,52
kidkolumbo,3,8,11
wallstreetbae,3,10,13
No-Rest9671,1,22,23
ItsJayJo,1,1,2
dreadpiratewombat,8,64,72
ThePowderhorn,1,151,152
0wed12,2,57,59
DisturbedBeaker,18,7,25
sp1kline,2,19,21
DangerStranger138,15,58,73
TimeVendor,4,32,36
TheButtFunk,1,1,2
Iridefatbikes,1,53,54
LeeroyTC,1,21,22
KuriousPanda,7,11,18
DartyGal503,1,3,4
penone_nyc,1,43,44
sue_me_please,1,27,28
fantompwer,1,11,12
nintendosixtyfour,1,5,6
hzj5790,201,83,284
viper_gts,1,39,40
theodo,1,7,8
phragmosis,1,14,15
RustyCraftyloki,1,3,4
tensor20007,1,9,10
jimbo92107,1,79,80
Act_Serious,2,5,7
namida33,1,1,2
canonjarrus,1,4,5
WerewolfCautious8906,1,1,2
PizzaAndTacosAndBeer,1,6,7
nellmarie91,3,6,9
GrizzlyBear2021,1,3,4
mahiljasani,1,1,2
BrockDiggles,1,5,6
mashton,1,18,19
LogicalManager,2,23,25
ArsStarhawk,1,4,5
myowncalm,1,4,5
infinit9,2,28,30
discob0tt,1,14,15
UndeadMarine55,1,16,17
EhabAlwi,1,2,3
obvithrowaway34434,1,12,13
rcchomework,2,23,25
ThinCurrency5292,1,5,6
FLTA,1,27,28
ImplementFuture703,5,30,35
mojeek_search_engine,1,18,19
frost5al,1,7,8
lorenzomofo,1,33,34
adyrip1,1,18,19
Intrepid_Whereas9256,3,10,13
morningburgers,2,33,35
Mr_SMT,2,2,4
NullVoidPointer,1,58,59
Diamond-Is-Not-Crash,2,19,21
Yourhyperbolemirror,2,4,6
governedbycitizens,2,3,5
fastclickertoggle,10,11,21
SGOD1,1,1,2
Historical_Wallaby_5,1,28,29
Lasereye,1,42,43
SitDown-,1,1,2
AWildDragon,1,3,4
Patrick26,1,58,59
schmudde,4,2,6
ankcr003,2,5,7
SmokeSerpent,1,49,50
babyfacedadbod,1,21,22
justinCharlier,3,10,13
Gizmoed,1,9,10
Yepclick,1,3,4
Unfair-Tough4154,1,18,19
Shyatic,1,115,116
NoseCommercial7714,3,10,13
BruteSentiment,1,17,18
hereforthefeast,1,18,19
ecstatic_cynic,1,75,76
HootCares,1,3,4
Content-Donkey7981,1,1,2
BMW_wulfi,1,8,9
rWallStreet,1,1,2
Tasty_Doritos,2,2,4
CarbonSquirrel,1,4,5
katedevil,1,3,4
InTooDeep024,1,18,19
Nabstar,1,3,4
cal_oe,1,1,2
Maxcactus,30,18,48
Silver-Knight-Archer,1,2,3
Creative_Visit122,1,47,48
MrPolly83,1,1,2
The1stCitizenOfTheIn,39,33,72
Atulin,1,46,47
SecondAccount404,8,20,28
TheCocksmith,3,12,15
gotchaday,2,6,8
AdventurousSpruce,1,4,5
aaj617,2,26,28
loliconest,1,26,27
Falldog,1,14,15
PrinceDizzy,2,2,4
zztop610,3,84,87
JediBurrell,2,24,26
SlinkySlekker,1,19,20
MisterBaked,1,8,9
AntiTrollSquad,2,68,70
TrollBond,1,1,2
bdzz,2,1,3
ocrohnahan,1,39,40
vxx,1,76,77
GuturalHamster,4,10,14
tonusbonus,1,1,2
Froggmann5,1,19,20
doofleton,5,6,11
naugest,2,252,254
nullbreakers-1,1,2,3
awacian,1,2,3
spook30,8,82,90
Blueberry_Conscious_,4,36,40
spinderlinder,1,14,15
majnuker,1,65,66
here-to-laugh-at-you,1,1,2
mybed54,1,21,22
mustafanajoom,1,11,12
ImBatman-,1,1,2
PantsOnYourHead,1,13,14
anonymous_being,1,5,6
mng8ng,7,7,14
Veldron,20,105,125
NinjaFighterAnyday,1,20,21
messyredemptions,1,15,16
Lestrade1,2,13,15
pgold05,1,22,23
TFenrir,2,34,36
Tesla-Throwaway9812,1,41,42
CanaKitty,1,20,21
Xplotos,1,1,2
Raglesnarf,2,22,24
LukeIsAPhotoshopper,1,11,12
soboi12345,7,7,14
keto_brain,1,43,44
Alex5899,7,3,10
IslandChillin,2,25,27
MikeLanglois,2,30,32
Ill-Poet-3298,1,149,150
kanooker,1,9,10
Tiiiimmmooo,1,9,10
ptitrainvaloin,2,9,11
RoninOfstag,1,1,2
WaterRaindrop,1,1,2
johnly81,1,29,30
spency1969,2,1,3
marketrent,256,283,539
Business-Promise637,1,10,11
shotgun_ninja,1,165,166
cmt_miniBill,1,8,9
byParallax,1,4,5
Ok-Principle-8776,1,21,22
cyber_alpha_,1,1,2
HLASM-S370,2,9,11
FutureGazer_999,2,37,39
TheOneWhoWil,1,17,18
Zealousideal-Ant705,1,1,2
Proteasome1,6,13,19
StarBerry55,4,18,22
SwaggerSaurus420,1,104,105
Tiny_Quail3335,1,11,12
Picture-unrelated,8,84,92
PostDisillusion,1,2,3
sir-saladin,2,10,12
nexttechmagzine,1,2,3
preppythugg,5,2,7
tom_1357,19,13,32
BlackCat40411,1,5,6
Mortwight,1,89,90
CanorousC,1,3,4
PrincipledInelegance,1,11,12
DarkWasp14,2,75,77
miso25,87,20,107
EQVATOR,1,1,2
DanteJazz,2,307,309
evanFFTF,36,15,51
wqu06,5,2,7
Triflesaurus,1,2,3
lokey_convo,1,34,35
FTW312,1,1,2
isaybullshit69,1,25,26
Steelyp,1,6,7
brianswichkow,1,14,15
wandomPewlin,1,11,12
audiomuse1,5,13,18
article10ECHR,1,34,35
gamer9999999999,1,21,22
JustMyOpinionz,3,12,15
yipchow,4,4,8
Personal_Occasion618,2,3,5
IAmABearOfficial,1,3,4
AboveAvg87,1,1,2
fudge_u,21,2,23
3Cs4Ps,1,5,6
ostentragious,1,22,23
GeeWhillickers,1,3,4
reddit_mods_butthurt,2,22,24
omgftrump,1,57,58
blaisbay,1,1,2
hashtags-and-popcorn,1,11,12
brooklynlad,6,9,15
1900irrelevent,1,35,36
DantePD,1,33,34
newsflashjackass,5,137,142
mrlt10,1,21,22
berael,2,29,31
cris88888,2,3,5
bkoly,1,18,19
dinozaur2020,7,4,11
TaxOwlbear,1,93,94
carebearstarefear,2,15,17
txiao007,3,4,7
Philo1927,579,3,582
SchlongMcDonderson,1,19,20
Hanzo_The_Ninja,1,14,15
Jack-Furious,1,1,2
atlienk,2,12,14
casualphilosopher1,2,5,7
EfficientWorking1,2,12,14
GantMan,3,1,4
iuthnj34,1,6,7
UTUSBN533000,15,7,22
Raging_Butt,1,9,10
Shapen361,1,20,21
CartographerNo636,1,6,7
BurningVShadow,1,33,34
-protonsandneutrons-,7,51,58
MidniteOwl,1,33,34
Bammy-Soy,17,3,20
znihilist,1,19,20
shaolinpunks,1,7,8
SnooCookies2243,3,4,7
S-XMPA,1,2,3
jelloshooter848,4,8,12
ringingbells,2,4,6
ThirdPartyMechanic,8,8,16
leapinleopard,1,14,15
ernestoraulperez,1,11,12
how-unfortunate,1,2,3
flatline0,1,47,48
sundler,8,2,10
TugTigaPoonsPontoon,1,11,12
sign_up_in_second,1,53,54
Silent_Purpose_3543,5,8,13
malus545,1,2,3
sim04ful,1,8,9
tommos,10,38,48
s1n0d3utscht3k,9,15,24
Careless_Bat2543,3,29,32
AlwaysTheNoob,4,7,11
soccerburn55,1,9,10
The_Ombudsman,1,19,20
lokujj,1,39,40
6jarjar6,1,6,7
Orenthalcaleb,1,1,2
Nahughes121989,4,31,35
Heffeweizen,1,8,9
MayaNaza99,2,1,3
Drakotrite,1,91,92
chrisjelly89,1,2,3
Mysterious-Pair-1385,1,3,4
Saeidnouri,1,1,2
secfirstmd,1,1,2
millz8307,1,1,2
the_renegade_dude,1,47,48
IpsoCranius,1,17,18
aaabigwyattmann3,1,20,21
oceanicplatform,1,4,5
kee-mosabe,2,6,8
masterblaster0,20,14,34
eadcda,3,5,8
Slick_willy47,1,1,2
trailer8k,4,40,44
IPAisGod,1,3,4
spaceraingame,1,22,23
wavlink21,1,2,3
pljacksparrow,1,1,2
tomorrow509,1,18,19
andricp77,2,1,3
asciimo71,1,20,21
vinniepearl,1,96,97
SisyphusAmericanus,1,8,9
passintimendgas,1,5,6
Foreign-Smoke6103,3,4,7
who_evenare_you,2,11,13
dumnezilla,1,2,3
fleker2,2,45,47
TopClassActions,1,2,3
SmartHipster,3,2,5
-Aeronautix-,1,32,33
wsj,4,33,37
jickay,1,2,3
Zelectro,1,8,9
External-Fig9754,1,18,19
101RockmanEXE,1,12,13
teknouzay,1,1,2
yudatheboss,1,7,8
LineNoise,19,28,47
lepslair,1,1,2
VeganBaguette,1,1,2
TheBloodEagleX,1,43,44
_beanman,1,1,2
paydaytraders,1,1,2
Good-Values,3,10,13
Gary_s_1982,6,12,18
thatguygreg,2,39,41
TheMajority0pinion,1,37,38
ChickenTeriyakiBoy1,97,3,100
choke_da_wokes,1,47,48
ftrlvb,1,10,11
misconfig_exe,1,38,39
Globalist2,1,34,35
turbo,1,17,18
cliffski,1,41,42
WishingTreeTop,1,18,19
TikiTemple,2,8,10
soaboz,1,9,10
revital9,3,16,19
westphall,12,3,15
stinkbugsinfest,1,10,11
ADTR9320,1,26,27
sybersonic,1,14,15
Pschobbert,4,40,44
MSSFF,4,14,18
DaasQC,1,1,2
paulfromatlanta,2,84,86
nedryerson48,20,2,22
rupeshjoy852,2,4,6
ety3rd,1,3,4
ADMIRAL_IMBA,4,21,25
andrewta,3,21,24
BossCrabMeat,3,59,62
ILikeWaffles69420911,2,1,3
AXXXXXXXXA,1,20,21
justfortrees,1,21,22
gymnastics86,1,1,2
kendo31,1,21,22
The_Nile_App,1,1,2
papercutpete,1,3,4
_boxers_or_briefs_,1,1,2
AmericanBornWuhaner,4,2,6
PsiAmp,9,28,37
justfor1t,1,3,4
baracud,1,2,3
leobrazuka,2,8,10
Intelligent_Fox2637,1,1,2
no_more_gravity,1,3,4
GabeIT84,1,4,5
Dull-Sweet-2085,1,4,5
SamualBrave,2,11,13
Sea_Guava6513,17,64,81
PulitzerPrice,4,4,8
mavericepic,1,1,2
smas8,1,6,7
SickChipmunk,5,18,23
wwbbs2008,4,17,21
TheKingHippo,1,8,9
BraidRuner,1,78,79
BurstYourBubbles,144,2,146
datamigrationdata,5,6,11
TheNevers,1,46,47
MrBeh,1,1,2
IEEE_DigitalReality,2,4,6
goran7,76,19,95
ProFox420,1,7,8
AsherBaels,1,9,10
San_Goku15,1,9,10
RonaldYeothrowaway,2,8,10
jimjim975,1,8,9
paradoxologist,1,8,9
DiaDeLosMuebles,2,25,27
Hobpobkibblebob,1,14,15
Doener23,151,5,156
MicrowaveBurritoKing,1,5,6
noraad,9,4,13
JannTosh12,57,21,78
Uwem1,3,2,5
Mobalise_Anarchise,2,6,8
literallair,4,1,5
bruh-sick,1,5,6
mstech2136,4,3,7
unknown_wtc,1,12,13
Limekiller,1,7,8
Big_Rooster_5461,1,31,32
General-Programmer-5,3,32,35
Chapungu,2,5,7
ChimeraMistake,1,38,39
Moolooman2000,2,78,80
ICSSH,16,14,30
Pristine_Humor5895,1,2,3
TheSneezingBurglar,1,2,3
John-Galt-Lover,2,7,9
CattleIllustrious705,4,3,7
DeepValue47,2,4,6
ILikeCatsAndSquids,1,1,2
Fun-Savings-3679,1,2,3
prehistoric_knight,64,5,69
Successful_Mix_8988,19,10,29
BlueLightStruct,9,37,46
NoFluffing,1,1,2
Dreid79,1,12,13
muffinmania,3,3,6
TicketingNews,1,5,6
OMNIA_Team,1,1,2
acscriven,1,3,4
Don_Gato1,1,9,10
Timely-Chemistry7449,2,3,5
Successful-Aide3077,6,2,8
SkyAdventurous3748,1,17,18
Consistent_Jacket892,1,48,49
Guns_or_Buttered,2,130,132
cjwidd,1,17,18
BeatenByInflation,1,1,2
AssociationNo6504,1,1,2
I_AM_A_SMURF,1,16,17
peter_bolton,9,3,12
okaymaybenotokay,1,4,5
Hrspwrz,1,69,70
Astrikal,1,12,13
VegetableOk4039,2,3,5
Rare_Fix2153,3,3,6
hertwij,1,4,5
k1dney,1,3,4
ChoicePilot49,13,26,39
jcdentonunatco72,1,27,28
PikaPikaDude,1,14,15
philcoven,1,1,2
saurin212,26,11,37
Sport-Inner,4,1,5
dkhunapun,2,7,9
No_Wish2202,2,10,12
justAnotherLedditor,5,21,26
glutton-free,1,5,6
KingElfTacoScatBarge,1,11,12
muee88,1,6,7
NoorJehan2,1,8,9
Superbuddhapunk,15,7,22
Nehemoth,1,14,15
ABDALLAHECO,3,1,4
SnowinMiami,1,15,16
maximustechmxz,1,3,4
CuriousMan100,2,74,76
beyondsciencetv,1,1,2
Snardley,11,1,12
RebelOTR,2,2,4
FreedomsPower,2,16,18
EvilTacoMan7533,1,1,2
robotchild,1,2,3
scary_biscott,1,8,9
jonyprepperisrael,2,4,6
Aggravating-Manner87,3,3,6
Pristine-Ad-469,1,12,13
luag,4,5,9
Gigabab3,1,8,9
antarickshaw,1,10,11
SOBEB,1,1,2
priforce,1,2,3
vasquca1,1,28,29
Revolutionary-Rub671,1,2,3
EngCompSciMathArt,2,23,25
Regular_Bee_5605,2,4,6
westerbypl,2,1,3
driverguy8,1,13,14
MattBurnes,2,6,8
_comfortably-numb_,1,1,2
Canopach,5,8,13
Infinite_Worm,1,3,4
Nachodon,1,1,2
greenfuelunits,34,35,69
04221970,1,30,31
Smirkuls,1,1,2
ctrocks,1,2,3
Zee2A,7,45,52
HenryCorp,16,10,26
larvinmill,1,1,2
nyquiljunky,1,3,4
AbaixoDeCao,4,1,5
--harumph--,1,30,31
Dooraven,1,11,12
roselleebarle,1,1,2
benfelix1,23,7,30
Maulvorn,3,9,12
Shadowys,1,3,4
ingle,1,2,3
ZeeshanSaud,1,1,2
pichiquito,1,43,44
HardwareRaidIsDead,1,21,22
Comfortable_Text,1,7,8
___Guitarmadillo___,1,17,18
coffeequeen0523,1,20,21
provocative_bear,1,8,9
Emillio3,1,1,2
AtheistComic,1,4,5
Brazz_Kings,1,2,3
sbos_,1,94,95
IcantBeYoursJJ,2,1,3
Totalgyan_45,11,2,13
ItsTheTenthDoctor,3,3,6
Zilka,1,15,16
outkast2,1,7,8
DisastrousInExercise,3,15,18
bhope95,2,1,3
A-Delonix-Regia,10,83,93
Rocksolidbubbles,1,23,24
EB123456789101112,3,7,10
Smart-Leg-9156,1,4,5
Bubbly_kpp_42916,1,1,2
TheForager,6,3,9
Gamma_Supernova,1,8,9
CaveDances,1,16,17
LeSpatula,1,2,3
Drew_Pinsky,18,3,21
Aintbad4u,1,6,7
No-Bid-6050,1,9,10
_tomb,1,2,3
readndrun,2,6,8
SuchLimeMemes,1,1,2
bruhmomdnt,1,3,4
KerlyAustin,1,1,2
Crypto_Table,2,7,9
mixplate,6,6,12
ohnoh18,45,4,49
Teeheeleelee,1,22,23
kalel1980,1,12,13
sapoutmud,1,1,2
htmaxpower,1,1,2
dominiquec,3,2,5
jb4647,1,10,11
mattfromseattle,2,6,8
carstenjanckerisgod,1,1,2
silversnoopy,1,21,22
TheBiggerDill,1,1,2
bobkuehne,1,1,2
magnabonzo,1,4,5
Novel-Shallot1066,1,1,2
FreeChickenDinner,1,1,2
itWillGetFresher,1,5,6
Hootinger,1,1,2
kavishs13,3,2,5
martinkem,1,5,6
TheDevilAndMrJones,1,17,18
zmajxd,2,2,4
scott_mage1,1,7,8
floatjoy,1,3,4
BecomingConfident,2,1,3
Gari_305,8,8,16
Necessary_Tadpole692,3,11,14
Silent_Inspector1616,1,4,5
Ogun21,1,1,2
herodotus_papas,2,4,6
mushroognomicon,1,1,2
johnkoetsier,1,6,7
QuanCryp,2,21,23
mooslar,2,3,5
NOMAD8192,1,1,2
GulingKo,1,1,2
cybr0_,2,1,3
StatisticianGloomy28,1,20,21
NkdUndrWtrBsktWeevr,2,8,10
bevin0708,2,5,7
ben122134,1,1,2
kwiens,2,1,3
calkch1986,1,1,2
xland44,5,15,20
Monocytosis,2,1,3
_calm_bomb_,1,14,15
AsslessBaboon,52,28,80
Nebulata,4,25,29
dodgers12,3,1,4
ePainter0,1,4,5
PM_ME_UR_DICK_GURLZ,1,6,7
WuriderX,1,15,16
rawmustard,2,1,3
pseudorandombehavior,1,14,15
Daggmaskar,1,11,12
Ok-Orchid5808,1,13,14
gehirnnebel,1,8,9
diacewrb,22,19,41
Ajayu,1,3,4
Rehan-Shah786,1,12,13
funkybeatz911,1,18,19
jack-o-licious,1,17,18
realguiders,102,4,106
qpl23,1,3,4
Jthebeasthoe,1,5,6
techsober,1,1,2
AmitabhaWangchuck,1,1,2
prime_nommer,2,10,12
Magister_Xehanort,8,2,10
SaintBiggusDickus,5,21,26
Marciu73,1,3,4
AttibasiC,1,2,3
mgonzales3,2,3,5
LivingLegend8,1,9,10
mrappbrain,1,1,2
Fearless747,1,5,6
induwara_perera,1,1,2
northlondonhippy,1,1,2
noxpost,1,3,4
LondonPilot,2,5,7
sekoerten,1,1,2
ZaZaMood,1,7,8
leonffs,1,10,11
Just-Emu-friend,1,2,3
Madridsta120,1,6,7
theaxelalex,1,9,10
ITSigno,1,13,14
someonealreadyknows,1,2,3
simonjp,1,11,12
oldmanshakey,2,3,5
ShadowMask87,1,7,8
RebootJobs,2,14,16
Western-Set-2739,1,2,3
adventurepaul,1,15,16
eustachian_lube,1,10,11
hypasos,1,1,2
Nicklas_kolding96,1,3,4
INFEKTEK,1,1,2
NeoPaper,2,1,3
stealingsociety77,1,39,40
Mission_Star5888,1,12,13
ncdlcd,2,11,13
fairlix,1,7,8
Creepy_Toe2680,7,5,12
xerexes1,1,2,3
mattkavien1240,2,2,4
Eienkei,1,17,18
AlphaAJ-BISHH,1,10,11
DSGX,7,5,12
that_gay_alpaca,1,8,9
thelonghop,1,5,6
MkAshaSEO,1,1,2
batdongsan25h,2,1,3
goalie19shutouts,1,1,2
saik2363,6,14,20
Duke_Nasty,1,4,5
depressedloserxd,49,7,56
CEOAerotyneLtd,36,7,43
Corgana,5,2,7
GadgetanyUS,3,5,8
Normal-Yesterday-759,1,2,3
raymer08023,1,2,3
imagepoem,11,4,15
marcom06,1,1,2
Ranew,4,39,43
hard2resist,2,2,4
SatrangiSatan,7,2,9
Gidget-Gein,2,4,6
Flawed_L0gic,1,3,4
MAGAtearscollector,3,3,6
Mudassir-Moin,1,1,2
FlyingSquirrel1919,1,11,12
laurenashley721,1,10,11
gordon-cormack,1,2,3
TenDeadF1ngerz,1,2,3
amlunita,1,2,3
Hockeygoalie35,1,5,6
Ok_Performer_7168,1,1,2
siddharthverse,1,3,4
dealancer,1,1,2
Film_Scholar,1,7,8
Primary-World-1015,3,5,8
SoundsLikeFraud,1,2,3
Dark-X,1,5,6
t_britten,1,1,2
A_way_awry,1,3,4
Siren72,1,3,4
JosephVietnam,1,1,2
Boundless_Infinity,1,4,5
Dont-know-you,1,56,57
Rodrigo-Padula,1,1,2
FlatAds,3,2,5
Dark_DoubleD,1,8,9
_Ginesthoi_,1,1,2
Zepanda66,5,13,18
MalikaiTheAmish,1,5,6
Datsmydawgyo,1,4,5
linton322,1,2,3
Stillnotaspider2,2,2,4
Goldmann_Sachs,2,9,11
Initial_Gear_6231,1,1,2
Ben_aid,17,5,22
ParticularCell7686,1,1,2
OnTheRoadToKnowWear,1,2,3
Father_Achad,1,4,5
DOGETHEEGOD,1,9,10
carrick1363,7,1,8
andrebotelho,1,1,2
Cocainewater69,1,1,2
Ooozy69,1,14,15
GonzoVeritas,2,21,23
onesmugendi,2,1,3
retek,4,5,9
Code_slave,1,1,2
pankajunk1,3,2,5
mtodd88,1,4,5
ELAffandy,4,1,5
justinpanda,4,1,5
NothingMattersWeDie,1,15,16
suchjersey,1,1,2
Ok_Morning3588,2,12,14
SlyB,1,1,2
helloredditusersyay,1,1,2
technose-20,6,1,7
IndividualDrummer358,1,4,5
seabb,1,2,3
bhight3,2,9,11
FPDrew,1,1,2
KnownStuff,2,3,5
morewubwub,1,2,3
gamerminstrel,1,4,5
DeplorableCaterpill,1,2,3
alexuzunkoyyy,1,4,5
Chatty_Fellow,1,11,12
AmethystOrator,38,4,42
overtimeout,1,15,16
iop9,6,3,9
Justhavocman,1,1,2
CuteMarsey,4,1,5
LukeThorham,1,1,2
greatestmofo,1,6,7
Dark-indeed11,1,1,2
iamfuturetrunks,2,15,17
NickDanger3di,1,12,13
ianhillmedia,4,10,14
Status_Butterscotch9,2,1,3
rottoneuro,1,1,2
arrezzo,1,22,23
Ring_Lo_Finger,1,13,14
UNAUTH0R1ZED,1,1,2
hoppersoft,1,5,6
Zealousideal_Meat297,1,15,16
capcaunul,3,3,6
redditahsan,1,2,3
NotSoBrightOne,1,3,4
thejusk34,2,1,3
leb_daddy,1,1,2
inconvenientnews,2,16,18
nyx210,1,2,3
info_jpgc,1,2,3
Successful-Gene2572,1,27,28
Economy_Stimulatorr,1,13,14
yaboiiiuhhhh,1,13,14
cheesecrustmsg,5,6,11
DarkDarkness,1,3,4
La5to,1,2,3
huge_throbbing_pp,1,7,8
RaccoonLevel275,1,27,28
identifytarget,1,1,2
bobbyw24,92,1,93
golden430,4,1,5
Randomperson9029,1,1,2
TheCryptoKang,3,1,4
gtrash81,1,4,5
infiniti_ventures,1,2,3
ToTheMoon098,1,1,2
After-Win-691,10,2,12
MrFloopy46,1,4,5
TalkCryptoCoins,1,3,4
AndrewTheAverage,2,9,11
Environmental_Ad_387,1,10,11
DVDfever,2,1,3
fucking_hero,1,22,23
2noame,1,9,10
lemon_bottle,6,4,10
Odd_Couple5090,1,1,2
PhantomWizard2099,12,5,17
swanky_swanker,1,1,2
American36,1,3,4
TheseDraw,1,1,2
Alternative_Act2110,1,8,9
Asdfasdfasdfgame,1,5,6
--dany--,1,9,10
Equivalent-Win-1294,1,11,12
ComprehensivePiano81,1,19,20
Newbie443,1,7,8
Chihuahua_Oracle,2,1,3
quantum_slut,1,1,2
junglingforlife,1,11,12
FingApp,2,1,3
Coolarg,1,1,2
User_492006,1,44,45
Immediate-Winner-556,1,33,34
JudCasper,1,1,2
Green-Future_,4,3,7
JumpinKing,46,5,51
doughmang7d7,1,9,10
Acceptable-Ad1034,1,3,4
Redditditditdahdo,20,2,22
WahidUmmah4312,1,4,5
norasimon,1,2,3
wise0807,2,11,13
codealtecdown,1,1,2
Sugbaable,1,3,4
DeliciousGizmo,5,5,10
SinghNitesh101,1,3,4
Meanreverzion,1,1,2
iriss13,1,1,2
andiamoamore,1,1,2
Vegan-bandit,1,3,4
ItsMiggity,1,6,7
dustale08,2,8,10
tanyanhao96,6,1,7
rosstomson,3,2,5
5gslave,1,2,3
Choice-Box-5205,1,1,2
__sys_out_println__,1,7,8
socialanddistantecho,2,1,3
Dotcombo,1,1,2
chopchopped,9,10,19
cyclo,3,1,4
sarabada,1,6,7
TreacleRemarkable847,4,2,6
TheycallmeElTigre,1,7,8
gamewin1,1,1,2
ibibble,2,5,7
canteatdogmeat,1,4,5
90skid91,2,1,3
FtheIneffable,4,2,6
Googol_Org,3,5,8
dylan522p,2,6,8
sirCota,1,3,4
saddadstheband,1,5,6
iamdavethepurpleman,1,1,2
Feeling_Reach_4795,3,1,4
BenTom_,13,1,14
donnkii,1,5,6
Perk6996,1,2,3
ychetyrko,2,1,3
Realistic-Plant3957,9,8,17
nimajjibewarsi,1,4,5
Imperator_3,1,8,9
BandIs1,1,5,6
ferdinand14,1,16,17
electric4568,1,2,3
T2542,1,2,3
s_kaw,2,2,4
Elduir__,1,4,5
1r0ut3,7,4,11
verynakedsloth,1,3,4
shadygraves,1,5,6
dustinburke83,1,1,2
mcpoyles,2,2,4
wombon2,2,3,5
Chrome_Plated,3,2,5
whomstd-ve,1,6,7
rumple9,1,1,2
qazwsx1112,1,1,2
DracDracAll,1,1,2
Totty_potty,1,3,4
cagbal,3,2,5
CarOnMyFuckingFence,1,13,14
JackAttack2003,1,1,2
ferhanmm,1,1,2
gheeboy,1,1,2
Personal-Astronaut97,1,2,3
chunkylover5E,1,6,7
wheresthekitty,1,2,3
texcooks,1,1,2
VORTXS,31,9,40
Own-Broccoli9724,1,1,2
Majestic-Chapter-206,1,1,2
Adam_Gill_1965,2,10,12
ZPSCORP,1,1,2
Buffaloslim,2,4,6
LordBadminton,2,5,7
DocPersia,2,1,3
IBoris,1,1,2
akashmishra15,1,1,2
FunnyPhrases,1,2,3
scarlit,1,1,2
poxenham,1,6,7
Murry16,1,5,6
undergrround,1,1,2
bowiemustforgiveme,1,4,5
DeSpTG,1,5,6
ElGallinero,1,1,2
digitalPhonix,1,8,9
danishpandey09,1,1,2
Sharmoota1,1,4,5
Natems,2,2,4
WhiskyRick,2,7,9
DD8285,1,2,3
Classic_Letterhead,1,1,2
Beginning-State8211,1,2,3
Gold_Film_6991,1,1,2
upstart-crow,1,1,2
jrh206,1,1,2
Additional_Pepper_41,2,4,6
ipsum666,1,1,2
TheMarty88,1,1,2
trickbear,1,2,3
Alexhkm,2,2,4
felixanderfelixander,2,1,3
Iam_0k_Btw,6,1,7
CanisSirius,1,2,3
Worried_Protection48,2,12,14
SublimeCommunique,1,5,6
nibras_blogger,6,1,7
veganispunk,1,3,4
ajenn22,2,5,7
tushars30,1,1,2
Mandelmus100,8,16,24
s0m3f00l,1,2,3
That-Row-3038,1,2,3
Pensyfan19,3,2,5
trevelyan22,1,2,3
SheepMilkLover,1,2,3
Sofakingjewish,1,1,2
sorotoby,4,4,8
ammy2311,1,1,2
OddSilence,2,4,6
atoponce,3,6,9
spishackman,1,6,7
One-Manufacturer8879,1,1,2
secretsothep,1,3,4
TheArshMaan,2,1,3
theoryofdoom,1,4,5
Mutiu2,1,5,6
unvjustintime,1,3,4
Tried100Names,3,1,4
mark_and_rain,1,1,2
Keegantir,1,4,5
saggio89,1,2,3
redditmod,1,1,2
raulbas98,5,1,6
Desperately_MIT_1238,2,1,3
Im_Special,1,1,2
I-still-want-Bernie,1,10,11
goodpartner520,1,6,7
pwap_official,2,9,11
GarlicCornflakes,6,3,9
monkeyman047,1,4,5
Megha_Verma,3,4,7
spearson0,2,2,4
TheCraftBrew,1,6,7
sn0r,2,2,4
aquaqlabs,5,2,7
Bismarck_98,1,2,3
Everyday_Renegades,1,1,2
Important-One3142,1,1,2
DonaldWillKillUsAll,64,2,66
NYC_Rider_Ghost,2,1,3
zweitaktfan,1,3,4
Key-Antelope9439,2,4,6
Neitzi,1,2,3
ryan19944,1,1,2
anti-ism-ist,1,15,16
M1ldness,5,8,13
Nicolechris19,1,1,2
82101105110105101114,1,1,2
Davidred323,1,1,2
KaiSix88,1,5,6
Samta752,1,1,2
WordyBug,1,3,4
Irene_Charles,2,3,5
J3susisKing2021,1,1,2
macnbc,1,3,4
IIVincentVegaII,1,1,2
Least_Read7460,1,1,2
Hassaniftikhar86,1,1,2
VolvMedia,1,1,2
Efficient_Night_1490,1,1,2
eviarts,1,2,3
Timely_Signal1377,1,1,2
Weary_Comb5628,2,3,5
_P4TR10T,1,1,2
betamemes,1,1,2
fattywinnarz,1,10,11
contentPudding28926,1,4,5
ClassroomOk462,1,2,3
qualverse,1,3,4
bluefirecorp,1,4,5
jr_planet_earth,1,1,2
youtossershad1job2do,1,1,2
Arjun_Pandit,1,7,8
Mboyatom,1,2,3
CatalinCuric,1,1,2
den-newscutezy,1,1,2
ObtainSustainability,8,3,11
jammaxxus,1,4,5
isit5pmnyet,1,7,8
kuasha7,2,5,7
HanBB1991,1,2,3
--Mulliganaceous--,1,2,3
rcobylefko,2,1,3
geeknintrovert,1,3,4
CallEmAsISeeEm1986,1,1,2
kreiger-69,1,4,5
egnirceravog,1,4,5
mbjelonic,5,2,7
savarsuri,1,5,6
PaP3s,1,1,2
ZenMorph,2,2,4
InstantIdealism,1,3,4
maciej1993,1,1,2
AR_MR_XR,1,2,3
buggaby,1,1,2
timNinjaMillion2,2,1,3
Ok_Fun360,1,1,2
john3182,1,1,2
bowties_bullets1418,1,1,2
wiziqnextgen,1,3,4
Violet0704,1,1,2
Austinite4ever,1,1,2
SaladassUwU,1,1,2
athin_explorer,22,2,24
Effective-Ad-7605,1,1,2
LawOpening6189,1,15,16
HardtackOrange,1,1,2
Cwernick17,1,2,3
breadiestcrustybrad,6,20,26
Sannikova,1,2,3
ImaginaryMarsupial38,12,4,16
DonYoda22,1,1,2
simpledsp,1,1,2
JobiPlayer,6,3,9
Arachnapony,1,1,2
LosIsosceles,6,5,11
Jenkf248,2,1,3
zim0369,1,2,3
HuVai_007,5,2,7
PitoPlankton3415,1,6,7
elfangor_,1,2,3
quubits,1,2,3
Goooooogol,1,1,2
AnimeExpoGuy,1,2,3
fuzzyfrank,1,2,3
varun1102030,8,2,10
lakuma,1,1,2
FlyCodeHQ,14,3,17
that_shing_thing,1,2,3
joshp25,1,1,2
Olisa99,2,1,3
hjgbuijhgh,1,4,5
maxitobonito,1,1,2
Thiago775,2,1,3
Aura_Masta420,1,4,5
NationalExpress1,1,1,2
iam_mustafa,2,5,7
YouBetterReadThis,1,2,3
tuiasi,2,4,6
ConfidentWerewolf790,1,1,2
ML_Firefighter,9,3,12
name-of-the-wind,1,4,5
Somali_Pir8,1,1,2
CookiesAndMiniguns,1,1,2
Amazing_Bird_5224,1,1,2
aniisonred,1,35,36
99cells,1,14,15
OGistorian,1,1,2
OregonBlues,1,3,4
herbiems89_2,1,21,22
poclee,1,2,3
5thandfashion,1,3,4
Cameliano,2,2,4
come_sing_with_me,2,3,5
Rkeriem,1,2,3
HPheavyindustry,1,2,3
Remarkable_Choice342,6,1,7
retvets,1,1,2
WXKENSHI,2,2,4
Shrek-2020,1,1,2
PHATDANKIE,1,1,2
The_Komparer,1,1,2
samkirubakar,1,1,2
Constant_Eternal,1,1,2
BonzoAndBonzo,1,4,5
Damodinniy,1,1,2
limitless_exe,2,1,3
VladtheInhaler999,1,2,3
PlasticCandles,3,8,11
BorasTheBoar,1,4,5
hfbvm,1,4,5
crispychipsx,1,1,2
FitterOver40,1,1,2
BZ1997,2,1,3
mrkvsenzawa,1,11,12
moistmarbles,1,1,2
Skippy27,2,9,11
pstbo,19,4,23
EarDocL,1,1,2
Davebrookv,1,2,3
AftonCoger,1,4,5
tim-maliyil,2,3,5
emeraldnsfw2,2,2,4
lilith-ness,1,4,5
Witty-Play9499,1,3,4
pulz-nest-dark,1,1,2
Humble_Logic,1,1,2
nugelz,1,2,3
Sergio_Raguso,2,1,3
iamaskingqns,1,5,6
NDMagoo,1,2,3
captainquirk,19,3,22
ericgtr12,1,1,2
Livingdead90,1,5,6
bikinireef,1,7,8
Visual-Cress4055,1,1,2
Prestigious-Number-7,1,5,6
JustSomeDudeInTexas,1,1,2
agachateyacm1pt,2,1,3
Hob-999,6,2,8
Dangerous_Piccolo_69,1,1,2
EducationalFig1911,2,1,3
Objective_George4231,1,1,2
card_chase,1,1,2
CuteDiet,1,2,3
ChangingShips,2,12,14
thestudlife,1,1,2
HsuRon,1,6,7
MahatK,1,3,4
tundrasuperduty,1,1,2
webVerts,14,1,15
Itsjustmybusiness,2,4,6
Select_Window_3115,1,1,2
randdude220,1,1,2
myshit11,1,1,2
EstablishmentReal453,1,1,2
Sandy_hook_lemy,1,38,39
Techllamaandcat,7,2,9
FreDi-,1,5,6
Jeff-chan35274,1,1,2
kamicaze5,1,3,4
Real_Power_Yes,1,1,2
Akephalos_Agares,1,1,2
brownboy73,1,1,2
the-code-chic,2,1,3
magicology,1,4,5
fromtrialswisdom,1,1,2
P0rnStache4,1,1,2
PrincessOpal,1,1,2
SlothCroissant,1,1,2
decafcovfefes,2,2,4
He-is,1,1,2
VeterinarianMean5244,1,1,2
FreshFruitForFree,1,4,5
KookilyFlagrant,1,1,2
Kemizon,1,5,6
Fosse22,3,1,4
DoorCoalEnergy,1,1,2
ShapeLittle7060,1,4,5
DeSlaye,1,1,2
ShlayerShiv,1,1,2
cynycal,2,2,4
DumbChocolatePie,2,9,11
Neyo708,1,4,5
standardizedwar,1,4,5
Chop_Stick5,3,1,4
AFH_Global,6,10,16
Complex_Price_8460,2,6,8
Dismal_Clothes5384,2,17,19
SetMau92,20,1,21
OutlandishnessOk2452,107,40,147
knightpendragon,1,2,3
PrettyFeed511,2,4,6
putney,1,2,3
BitThick3711,1,1,2
falloutgirl422,1,2,3
effetk,1,2,3
Apollo_Sins,2,3,5
moonchitta,2,1,3
Autistic_Jimmy2251,1,2,3
DietDrBleach,1,1,2
aColourfulBook,1,3,4
rathisachin,2,1,3
tanvel,1,1,2
phileconomicus,4,7,11
Manybackalleykrisp,1,1,2
Emergency_Network,2,1,3
TheComplexName,1,1,2
drumet,1,1,2
fishfetcher_anaconda,8,2,10
poopchute88,1,4,5
super_athin,13,7,20
elcric_krej,2,1,3
-Stormcrow-,1,1,2
ApartmentVisible221,1,1,2
bumblezinnia,1,3,4
FoxyFoxMulder,1,1,2
Meowmixez98,1,2,3
CipherDegree,1,7,8
OptimalConcept,1,1,2
YunngAssumedGender,1,1,2
Fouroct856,1,1,2
VillageKangaroo,2,1,3
Impossible_Guard_975,1,1,2
Noisey_Noise,1,4,5
1percentof2,1,6,7
ezrakyk,1,2,3
Thelivingparadox2020,4,2,6
bradjawnsin,1,2,3
RebootStudy2021,1,1,2
MadGriZ,1,1,2
youwhatwhat,4,1,5
Cute-Albatross-7964,1,3,4
WhitelabelDnB,1,4,5
superuofficial,1,1,2
are-they-droopin-yet,1,2,3
TreXitooo,1,4,5
skonats,4,3,7
chrisupt2001,1,7,8
xaislinx,1,5,6
Ferryfloow_knows,1,1,2
IHeartMushrooms,1,1,2
SunStar119,1,1,2
reinhardt2022,2,1,3
OptimalExtension3169,1,1,2
Kind-Ad1300,1,2,3
savedelete_,245,3,248
Expensive-Public8895,2,1,3
worriedshuffle,1,85,86
SundaeSuccessful7953,1,1,2
TRUE_COMMUNIST,1,2,3
bejeweled1415,2,1,3
DonjiDonji,1,1,2
Competitive_Doctor13,1,1,2
TheUtopianCat,1,1,2
jaydata07,1,2,3
theseusptosis,1,3,4
Tactical_Contact,1,1,2
noBananas,2,1,3
Awakeinthedr3am,1,2,3
WakemanCK,1,1,2
AngelaMotorman,1,1,2
WolfGuard_,1,3,4
Front_Performance_65,1,3,4
bloppingzef,1,4,5
Key-Research-1300,1,1,2
idgafayaihm,3,2,5
sevenyeardust,1,1,2
CanPhysical9423,2,2,4
casinoCurry,1,1,2
Aculance,1,1,2
Ill-Exchange-5729,1,2,3
cult_smasher_9000,2,3,5
Overvelde,1,1,2
Tadeh1337,1,1,2
projektstronpl,2,3,5
into_the_ozone,1,1,2
mr_poopy_pants420,1,1,2
Odd_Celery_6572,2,1,3
9lobaldude,1,2,3
vyrusrama,1,1,2
yilanoyunuhikayesi,1,1,2
Icy_Service_8336,1,1,2
Dartonion,1,2,3
willie23223,1,1,2
z_nosferatu,1,1,2
tellman1257,1,5,6
problematicpumpkin,5,1,6
davidreiss666,1,3,4
_timegypsy_,1,2,3
MrNokiaUser,1,2,3
ClothingMachinery,1,1,2
maxy3230,2,2,4
sstales,1,1,2
m3antar,1,1,2
starlord_west,1,3,4
WoodyWoodster626,1,1,2
link_2_fate,1,1,2
topgearfanboy1,1,1,2
HorrorCharacter5127,19,10,29
santhiprakashb,2,1,3
NationalAd1368,1,1,2
peaknewsonline,1,1,2
Lord_Sstar,4,3,7
Caveat53,2,3,5
The-Video-Gamer,1,1,2
Do_You_Remember_2020,1,2,3
Wild-Dig-8003,2,3,5
DavidJ2022,2,1,3
Supremealexander,1,2,3
azurduhh,1,1,2
0913856742,1,43,44
shanoxilt,1,2,3
ComprehensiveAddict,1,1,2
tommy25ps,1,1,2
NateRiversX,1,1,2
Purple-Cartographer4,1,1,2
Few_Foundation_5331,2,1,3
fnailqueen,1,1,2
breweeet,2,1,3
SourceIndependent974,1,1,2
javasux,1,3,4
moneymagnet777me,2,1,3
water-and-fire,1,1,2
eastbayted,5,3,8
LaserPhotonicsUSA,1,1,2
Adventurous_Bet6849,1,1,2
Aculance2020,1,1,2
lord_noobYT,1,1,2
Datdarnpupper,1,13,14
King-of-New-York,8,20,28
Unknown-SeaCreature,1,1,2
19b34413f6f60afd6e4c,1,3,4
UKbeard,1,2,3
Zacepp2,1,1,2
HavanaWoody,1,2,3
thrixhero,2,1,3
hope9-,1,3,4
auntfloss,1,1,2
ProceduralDeathLab,1,2,3
IonClawz,1,1,2
a9JDvXLWHumjaC,2,2,4
marc_palombo24,1,1,2
DayExternal7645,2,1,3
slack-master,1,2,3
IncidentGrand6198,14,2,16
Lucianomende,9,7,16
siez_,2,4,6
WASY2811-,1,1,2
connect_social9,2,1,3
Forsaken-Spring-4114,1,14,15
aneloz,3,1,4
jadenc2c,1,1,2
aimannorazman,1,3,4
Ragnorian,3,1,4
CuckyMonstr,1,2,3
Zxebn,1,1,2
curvejLi,1,1,2
PineBarrens89,1,18,19
InternationalTest193,1,3,4
howtobuildaspaceship,1,1,2
Matt_787,1,1,2
technoarsi,1,1,2
spermo_chuggins,1,2,3
amirsadeghi,7,1,8
apuzilla,1,1,2
RetroTechMuseum,1,1,2
Newbikesmell,1,2,3
vigilantisizer,1,2,3
vvillehelm,1,1,2
ProgramticWhiskerDoc,2,1,3
Physics_Jaded,1,2,3
smolpp12345,3,4,7
Last-Divide-6666,2,1,3
Patronerox,1,1,2
Forest550,1,1,2
Aromatic-Inspection7,1,1,2
mikey_croatia,1,2,3
SnooPickles1331,1,1,2
Money-Boysenberry-16,1,10,11
Embarrassed_Bed_1428,1,1,2
nudifyme69,1,19,20
kushiekittie,1,1,2
Science_421,2,1,3
Virtual_Park5049,2,2,4
SuccessfulLoser-,1,3,4
mehere14,1,2,3
Er_Coues,1,1,2
Yorkshire80,19,1,20
KukaVex,1,8,9
RoketRacoon,1,4,5
Techdotmatrix,5,1,6
RelationOk3636,4,2,6
Connect-Revolution20,1,1,2
gankstar5,4,1,5
technonerd,1,2,3
muhhuh,1,1,2
9dnguy,2,3,5
Quantum_II,5,1,6
what_should_we_eat,1,1,2
mazlan_abbas,4,1,5
workintransit,1,1,2
cactusbeard,1,1,2
YakRepresentative845,1,1,2
Substantial-Exit-614,1,1,2
Highlander2748,1,1,2
wiltj,1,1,2
nawigavin,1,1,2
keshfr,3,7,10
Ese_osa1,1,1,2
049at,1,7,8
Luciferincucumber,1,1,2
arafat586,2,3,5
-pichael_,1,4,5
Responsible_Bit5295,2,2,4
Thorsport_fan,1,1,2
ictiger2020,3,1,4
_gadgetFreak,1,1,2
Parking-Pension9811,1,1,2
eoinii,1,2,3
bookmon,1,4,5
ARTPollard,1,1,2
Userisusers,1,2,3
dionrockss,1,1,2
Tymiki,2,1,3
Relevant_Plate_5300,1,1,2
throwawaybezos,1,1,2
SecureDonut7108,1,1,2
Tau_of_the_sun,1,2,3
JH_1999,2,15,17
Stiven_Crysis,41,2,43
jakbap,1,4,5
flyingdutchgirll,6,3,9
naltroc,1,1,2
hhtr690,3,1,4
petiterunner,1,1,2
klixc101,1,1,2
Svenk135,1,1,2
lioverte,1,1,2
davidwholt,52,2,54
suhwaggi,1,1,2
Bulky_Ad_8703,2,2,4
AndrewVice,1,1,2
EtherVirtualMachine,1,1,2
apeuro,1,1,2
preludeoflight,1,2,3
Echidnahh,1,1,2
Wikikiki-com,3,5,8
Yobitel,1,1,2
mattewmilo,11,1,12
spinning_carousel,3,1,4
Economy-Order6450,1,1,2
blutom,1,1,2
Pharmabros,2,1,3
Dexter263,1,1,2
Lebowskinvincible,1,3,4
hunglowmanlett,1,1,2
shywicklow,1,2,3
wJaxon,2,1,3
PrestigiousGuava,1,2,3
decixl,1,2,3
Prestigious-Cook8956,1,2,3
experiencemattersnow,1,1,2
The-world-is-done,1,1,2
Iamgary2021,1,1,2
intedavid,1,2,3
TSMWorldChampions,1,1,2
urg_,1,1,2
R3dditReallySuckz,1,2,3
dv2811,5,2,7
44cksSake,1,2,3
Opitmus_Prime,1,4,5
netman85,2,1,3
bkrebs,1,1,2
NoOtherLeft,5,4,9
DENSELY_ANON,1,1,2
imads003,2,2,4
krisko_negura,1,2,3
KuCoinCustomer1974,1,1,2
Patentsmatter,1,1,2
Codko,1,1,2
Ram_1979,1,1,2
zeldestein,4,4,8
Additional-Tailor-60,1,1,2
erepresent,1,1,2
cstarnino,1,1,2
Top-Organization-124,2,5,7
Routine_Current3412,1,3,4
No_Wolf4746,1,1,2
Timotej777,1,1,2
superfakesuperfake,1,1,2
BugResponsible7170,1,1,2
Bsket,1,1,2
VICENews,1,1,2
lookinglikefun,1,1,2
drkblits24,1,1,2
Future_Ad_2028,1,1,2
LiveStreamReports,3,1,4
RattyRusty1,1,1,2
ivyshaft,1,1,2
that_checks_out69,1,1,2
guacamole_is_extra,1,2,3
eeby_deeby,4,2,6
nuaavo,1,1,2
SpiderBudd,1,1,2
UnusualCartoonist6,1,1,2
RunEnvironmental4008,1,1,2
Bqrius2day,2,1,3
Kaschenko,1,1,2
leonardo_demon,1,2,3
Hentai79420,1,1,2
parappaplushie,1,1,2
JordanLawver,1,1,2
MisCeLLuZ,1,1,2
MonkeyBoyPoop,1,2,3
i_amstark,1,2,3
chemistrynerd1994,16,1,17
elleeott,1,4,5
ScreamSmart,1,3,4
YuvakiAwaaz2022,4,1,5
jimmythemini,1,1,2
WhistleblowerGoWoo,2,2,4
thu2812,1,3,4
Alert-Inside-8006,1,1,2
thenewyorktimes,1,1,2
CaptainWumbology,1,1,2
No-Honeydew-3070,5,2,7
Pitiful-Specialist12,1,1,2
Jealous-Interview-97,1,1,2
scot816,2,1,3
redkemper,7,2,9
Menacebear,2,1,3
escanorlegend,4,5,9
throwawayaway539,1,2,3
AverageMinceraftFan1,1,2,3
AdCommon1908,1,1,2
MazonnaCara89,1,12,13
EslamDahshan6642,4,2,6
Fr33-Thinker,1,7,8
TheKoG,2,4,6
DarkGlitch08,1,1,2
Fluffy9345,1,1,2
M1STER_E,1,1,2
_Mat_San_,1,2,3
SurgeonInUse,3,1,4
DavidHall1,14,1,15
smeinrich,1,1,2
nxthompson_tny,123,2,125
deepSeaStroker,2,1,3
kcrobinson,1,1,2
meehow808,1,1,2
Sudden_Dirt_1763,1,1,2
GoogleBobP,1,2,3
Alone_Ad6784,1,1,2
Zestyclose_Lack8795,1,1,2
nickchavis84,2,1,3
HasAlgae,2,1,3
Wavecation,1,1,2
Srishanvi,1,1,2
drpoo69,1,1,2
snowzombie500,1,1,2
Strict_Committee_953,4,1,5
DazedNConfucious,1,2,3
Thunderrock4242422,2,1,3
simoachraf,4,1,5
InfoOnAI,1,7,8
The101stAirborne,1,1,2
RealityTerry,1,1,2
ilovecatnaps,1,1,2
daltadka911,4,10,14
DonElios,1,1,2
Last_Highlight2058,4,2,6
Garrus1712,1,4,5
IndependentSeamen,1,1,2
TheDreixon,1,1,2
im_endeavorance,1,1,2
david-jones-me,2,1,3
AwardImaginary,1,1,2
Consistent_Pie_3475,1,1,2
Particular-Quote-536,1,1,2
MurkyPrototype,2,1,3
qwerty12345qazwsx,1,6,7
goodwallboy,1,2,3
metroidhunterexpert,1,2,3
funination,1,1,2
Cloudly-so,4,3,7
janice_kam,1,1,2
sophiaAngelique,1,2,3
NoseSuspicious,1,2,3
noneintherub,1,2,3
Anonymousobserve,1,1,2
TheTechnician_22,1,1,2
nedstarkin,1,1,2
ShureSure,1,1,2
hemlockfuture,3,1,4
Both_Ad8477,1,1,2
YoutubeAnon_,1,3,4
antrophist,1,1,2
slayerjain,2,1,3
jone_net,1,1,2
Emotional-Praline543,1,1,2
AdLegitimate7912,1,3,4
beasterne7,2,4,6
elaborinth8993,1,1,2
ObjectiveObserver420,2,1,3
divyansh_30,1,2,3
Ed-Geingsta,1,1,2
jonathan_widder,1,1,2
tezacer,1,1,2
cyber_nitro19,1,1,2
moose_powered,1,4,5
GoodWillHunting_,4,5,9
inovies,1,1,2
Dry_Entrepreneur6603,1,1,2
chibban,2,2,4
Adodie,1,3,4
AndreaCantone,1,1,2
sergioad,1,1,2
One_Establishment868,1,1,2
gamiseki1977,2,1,3
photograpopticum,1,1,2
Exciting_Truck_7734,1,1,2
ravik_reddit_007,11,4,15
trustworthy56,1,1,2
jdunns4,1,1,2
roxeal,1,1,2
basafish,3,1,4
danm1980,2,1,3
IndexCase,1,1,2
anonymouspwrson10002,1,1,2
Dizzy_Noise,1,1,2
whiskeyaussie,1,1,2
bobDarin,1,1,2
Zealousideal-Lie-333,1,1,2
Spinifex-Broadford,1,1,2
Sheri_ABQ,1,1,2
crestech1,4,1,5
Low-Obligation-4224,1,1,2
ComprehensiveNorth1,1,1,2
Old_Height_9219,2,3,5
Otherwise-Extent-134,1,1,2
NamelessForce,4,1,5
Major-Tradition-2101,3,1,4
tacocorp1,1,1,2
mo-xyz,1,1,2
squid-slime,1,1,2
Marksman777,2,1,3
systemization,1,1,2
BirdgeHead,2,1,3
Consistent_Sign_4597,1,1,2
YasharFL,1,1,2
alpharivetech2,2,1,3
jennaisokay,1,1,2
Slowlyski,1,1,2
Punguin456,1,1,2
Fuckmenot,1,1,2
Pepperminticehouse,1,1,2
ComicGreat,1,1,2
MinnSnowMan,1,1,2
miss_trillian,1,1,2
bledik,7,1,8
Heavenslook,1,1,2
phocuser,1,1,2
VastAdvance175,4,1,5
turtle4499,1,171,172
mingy,1,371,372
Mexicanuck,9,6,15
FrozenMrPotato,1,434,435
AhmedF,14,56,70
steroid_pc_principal,17,699,716
Meatwad650,1,184,185
irving47,1,181,182
chalbersma,2,466,468
drecklia,1,53,54
VulcanHades,1,104,105
rarebit13,1,32,33
vale_fallacia,1,19,20
ThrawnGrows,2,59,61
janjinx,62,226,288
diamened,2,121,123
SIEGE9,5,73,78
green_tea_bag,1,135,136
btc_has_no_king,34,419,453
twistedLucidity,9,368,377
__Hello_my_name_is__,2,226,228
Existing-Tour9751,1,1,2
jimbo831,3,391,394
wellifitisntmee,14,896,910
BioDriver,1,43,44
maniaq,3,112,115
baronvoncommentz,1,77,78
New_Presentation_163,2,2,4
Avieshek,68,476,544
MedTechSpurs,1,16,17
DukeOfGeek,5,446,451
j1ggy,1,11,12
nirad,3,301,304
ReadditMan,1,55,56
upyoars,278,203,481
IntnsRed,1,3,4
veritanuda,96,5334,5430
aquarain,5,3183,3188
DoesntUnderstands,1,13,14
FlatAssembler,1,175,176
mustyoshi,1,343,344
00DEADBEEF,3,334,337
Ketsetri,4,33,37
LividLab7,1,3,4
hoppeeness,1,93,94
ThisPlenty2375,3,5,8
Gazwa_e_Nunnu_Chamdi,14,59,73
StrngBrew,5,296,301
Mahony0509,3,6,9
7eregrine,1,232,233
BiteSizeRudy,1,70,71
DoomGoober,1,215,216
passinghere,2,627,629
killer_cain,1,138,139
altmorty,314,238,552
DanTheMan827,24,248,272
throwaway_ghast,4,247,251
DocMoochal,1,89,90
Boo_Guy,4,360,364
Habytes,14,15,29
distantapplause,1,352,353
abrownn,1,16,17
beef-o-lipso,11,1127,1138
RedditButDontGetIt,1,99,100
Reigncity2012,2,68,70
uptwolait,1,164,165
rob1969reddit,1,121,122
far-que,4,892,896
rickk79,12,403,415
Farranor,1,226,227
archontwo,10,107,117
kitsune,1,10,11
Buck-Nasty,6,30,36
dgmilo8085,1,48,49
eatingbunniesnow,17,72,89
saltyb,1,38,39
nakulaser,13,6,19
RagingAnemone,1,158,159
vasilenko93,1,411,412
robywar,1,65,66
TheJadedSF,4,809,813
SSgtYork,2,5,7
Cattaphract,1,68,69
SharqPhinFtw,1,49,50
beermad,1,58,59
Roanhouse,5,59,64
im-the-stig,107,228,335
Macinzon,11,202,213
ShortPutAndPMCC,9,55,64
iCANNcu,1,32,33
hagy,1,36,37
magicaxis,1,10,11
Chickens1,1,10,11
141_1337,2,64,66
grim_goatboy69,1,40,41
RetinaJunkie,1,55,56
whisperwrongwords,1,47,48
hexydes,1,958,959
NISHITH_8800,7,32,39
iamwhatswrongwithusa,1,149,150
temporarycreature,36,162,198
krazyjakee,1,111,112
StuffyGoose,35,130,165
ramennoodle,1,21,22
xSypRo,1,24,25
UnnamedPlayer,3,39,42
bkcrypt0,10,12,22
The-Dark-Jedi,2,119,121
Rhaegar_the_Great,1,6,7
getBusyChild,13,87,100
dan1101,1,141,142
pomod,3,63,66
PatSaidJack,1,205,206
monchota,1,1416,1417
Roland_Zakalwe,1,53,54
IAmTaka_VG,3,313,316
BousWakebo,96,46,142
HaElfParagon,1,860,861
PettyWitch,2,15,17
Greatoutdoors1985,1,14,15
svetambara,1,8,9
bengringo2,1,290,291
farleftkeepgoing,1,313,314
skincoveredkeyboard,1,4,5
tehreal,2,37,39
rawling,2,102,104
dont_forget_canada,4,291,295
Airlineguy1,1,74,75
brandyellen123,4,3,7
yenachar,4,123,127
MinuteNoodles,1,40,41
WhiteRaven42,2,543,545
Epistaxis,4,158,162
talley89,1,258,259
mdj1359,1,49,50
trillospin,1,67,68
Falcon007_rb,2,6,8
scuffling,1,27,28
WannoHacker,217,39,256
realjoeydood,1,119,120
MightyH20,1,519,520
Rebelgecko,1,291,292
SarsCovie2,1,12,13
Phnrcm,3,195,198
heathfx,1,8,9
RevRagnarok,3,142,145
Manic0892,1,3,4
Chrisx711,1,37,38
MilkChugg,1,161,162
Pay08,1,100,101
another-masked-hero,4,206,210
39816561,51,66,117
OverByTheEdge,3,19,22
One_Rook,2,10,12
atiteloviadeci,20,120,140
hideogumpa,1,60,61
sexykafkadream,1,86,87
noorbeast,11,263,274
wayanonforthis,1,165,166
luxdesigns,1,67,68
kry_some_more,1754,363,2117
Tough_Gadfly,24,7,31
Torifyme12,3,371,374
thedukeofflatulence,1,133,134
Fruhmann,1,135,136
Agent_03,2,64,66
mangofizzy,1,52,53
Martipar,11,124,135
erwinca,1,10,11
daveyhanks93,1,85,86
cos,28,7,35
ReginaMark,6,145,151
ChristmasMint,1,128,129
shablyas,1,17,18
Infuryous,1,126,127
ArkGuardian,1,4,5
alaslipknot,1,32,33
IDrinkPennyRoyalTea,1,6,7
weirqueer,1,1,2
danielrosehill,3,2,5
trashdragongames,1,1,2
Lucky-Engineer,11,30,41
thewildjoker,3,21,24
EssentialParadox,1,14,15
GenocideOwl,1,72,73
iAmTheHYPE-,2,57,59
psychothumbs,124,200,324
roamn,1,51,52
MSGRiley,1,125,126
BlueTeamTV,1,62,63
el_muchacho,3,737,740
Pick2,1,61,62
bronyraur,1,300,301
Yilku1,1,21,22
ApathyJacks,1,20,21
hidden-47,1,9,10
52-61-64-75,2,27,29
oxxoMind,1,9,10
dontloseyourway1610,3,140,143
Nextasy,1,61,62
zsreport,173,114,287
Cubezzzzz,7,7,14
AFLoneWolf,1,13,14
memtiger,1,49,50
-Phinocio,1,137,138
Seaniard,1,357,358
Lord_Boffum,1,32,33
ChiggaOG,2,113,115
skpl,1,67,68
surfdad64,1,7,8
a_Ninja_b0y,610,87,697
NeptuneAgency,5,10,15
Gagarin1961,3,304,307
GarlicoinAccount,1,4,5
henry_gindt,8,1,9
Bystronicman08,1,28,29
Xeon-T,1,56,57
sevenandwater,1,151,152
nachocouch,1,14,15
GL4389,33,43,76
Arj_123,1,3,4
dbxp,2,357,359
lotsofsweat,28,13,41
chairitable,2,145,147
user4517proton,1,95,96
nastratin,44,30,74
anurodhp,4,16,20
InvisibleBlueUnicorn,3,7,10
happytree23,2,88,90
madamplease,10,11,21
newleafkratom,1,38,39
ryosen,4,110,114
Fando1234,1,25,26
nomadofwaves,1,184,185
ThatPortraitGuy,1,3,4
slackmaster,1,29,30
Ephemeris,2,73,75
queenbabieybop,4,1,5
FalnixValencroth,1,26,27
AidThisFellowUser,34,4,38
Terrible-Scheme9204,1,5,6
AbhigyanKumar,1,4,5
manteiga_night,1,1,2
rookie-mistake,8,118,126
dikaruu,1,1,2
thedarklord187,1,185,186
Lixard52,1,4,5
Shadoze_,2,20,22
sourdcoder,1,22,23
gothlaw,3,235,238
falsehood,1,30,31
DaveInLondon89,2,24,26
Hyperion1144,23,368,391
anonttt,1,52,53
fookhar,1,62,63
enty6003,1,70,71
DoctorExplosion,2,91,93
EgyptianNational,1,15,16
qkfb,21,2,23
DutchBlob,1,71,72
NtheLegend,1,95,96
JoeDiBango,1,46,47
CSCAdmin,1,22,23
itWillBeKnownSoon,1,15,16
VentureVultureLA,6,14,20
Thuban,4,6,10
justalazygamer,1,1,2
ghostpepperwings,1,7,8
techsinger,3,4,7
extra_rice,1,58,59
GenjaiFukaiMori,1,214,215
Drfakenews,2,215,217
TheGoldenBoognish,29,3,32
IdesOfMarchCometh,3,112,115
StatisticaPizza,1,96,97
Gromchy,1,50,51
minusSeven,1,5,6
Donghoon,1,130,131
die-microcrap-die,1,29,30
SnowySupreme,1,29,30
MapedMod,1,22,23
bloodshotforgetmenot,1,28,29
Son0fSun,2,46,48
diff2,1,15,16
Ok-Cartographer-3725,1,22,23
Magnedon,1,13,14
Mistermayham23,1,7,8
bihari_baller,2,104,106
7MCMXC,7,1,8
cataractum,1,6,7
waltercool,1,49,50
ShinePale,1,250,251
Jedistro,50,22,72
jjjhkvan,1,26,27
darkMatterMatterz,1,36,37
thebelsnickle1991,72,17,89
diwalton,1,20,21
T1mac,3,72,75
__TIE_Guy,1,18,19
VanillaLifestyle,1,113,114
rosesandtherest,5,74,79
WorseCommander,4,9,13
corp_code_slinger,5,31,36
Az0nic,2,17,19
kozmo1313,1,80,81
AccomplishedMeow,1,35,36
Cryllium,1,3,4
hotcakes,1,6,7
workingatthepyramid,1,73,74
tirwander,1,13,14
totallywhatever,1,12,13
cruji3nt3,1,20,21
ZRodri8,1,36,37
Casual_redditing,1,4,5
deron666,17,3,20
Imprizyn,1,11,12
dummyTukTuk,1,2,3
pavlik_enemy,1,184,185
1min-ago,2,9,11
Lilyo,41,27,68
monkfreedom,7,9,16
ewzetf,4,1,5
5skandas,10,31,41
OmgThatDream,1,2,3
end_gang_stalking,7,12,19
MSP_CS,8,11,19
MysteryFlavour,1,55,56
Skedar_Itou,1,1,2
rgaya,1,15,16
rezaansari562,1,11,12
JKJ420,1,265,266
Long_Antelope_1400,1,23,24
TheMcG,1,13,14
DannoHung,1,22,23
The_Observer_Effect,1,5,6
abhbhbls,2,9,11
Serenikill,1,31,32
SpinningHead,1,43,44
The_Iceman2288,10,4,14
LiCHtsLiCH,1,172,173
misskate100,1,3,4
Significant-Crew6333,1,4,5
14159548210,4,58,62
winnerdanny7,1,6,7
jdolbeer,2,98,100
renome,4,59,63
bundleogrundle,1,11,12
bulwynkl,1,13,14
clash1111,14,7,21
PolyDipsoManiac,1,163,164
danhakimi,1,6,7
Drewy99,1,148,149
designatedtruth,3,19,22
talldata,1,4,5
ourari,7,4,11
Peteostro,2,105,107
Bobbymose,1,2,3
BillTowne,1,18,19
Lucrumb,2,25,27
TimeFourChanges,1,161,162
HowSR,1,19,20
mayurbhattseo,251,3,254
MeineBryon01,1,2,3
Buckwheat469,1,47,48
Realtrain,1,69,70
FrenchPressMe,1,1,2
tosil,1,32,33
productivewinks,2,40,42
FourandTwoAheadofMe,1,12,13
gordonmcdowell,5,36,41
ghasto,1,3,4
RichardHMoulton,1,1,2
helpmeredditimbored,3,9,12
mashipp,13,8,21
petrolly,8,21,29
Black_Magic_M-66,1,87,88
wan2tri,1,9,10
Last-Caterpillar-112,22,73,95
stupidstupidreddit2,6,20,26
Mront,10,66,76
JimGusa808,2,11,13
sealovespdxME,1,1,2
gmb92,1,8,9
Hiranonymous,2,89,91
n1ght_w1ng08,196,18,214
Franco1875,38,34,72
screaming_monk,1,4,5
modyghandoor,4,3,7
welk101,1,7,8
Hopeful-Guess5280,1,1,2
da96whynot,5,63,68
asparegrass,1,452,453
Technocrates_,2,69,71
taptapper,5,159,164
randomymetry,1,45,46
Weeiam,9,14,23
responseAIbot,1,15,16
Non-Newtonian-Snake,2,3,5
Gr8daze,1,29,30
OhYeahTrueLevelBitch,3,56,59
Shiirooo,1,7,8
DarthPlagueis_,1,5,6
samsimon123,1,2,3
Identifydriver,1,1,2
1zzie,2,45,47
Assume_Utopia,1,44,45
Strong_Wheel,1,24,25
Andrew129260,1,18,19
PulpyEnlightenment,1,2,3
0x1a3c3e7,1,104,105
Reach-for-the-sky_15,2,17,19
UrbanAbsconder,2,79,81
Markqz,1,43,44
hhh888hhhh,1,38,39
WooliestSpace,2,25,27
fubes2000,1,81,82
TrendBadger,10,5,15
MyNameCannotBeSpoken,7,124,131
signed7,15,39,54
BabyYoduhh,1,10,11
Michael_Crichton,1,20,21
s_y_s_t_e_m_i_c_,29,79,108
lotec4,1,14,15
grapesinajar,1,59,60
darthatheos,28,9,37
codingai,3,39,42
_PM_ME_YOUR_VULVA_,1,4,5
TakeOffYourMask,3,65,68
hannan_jamil,2,1,3
themimeofthemollies,25,139,164
Tech_con,1,16,17
grey_sky,1,11,12
linkinstreet,1,19,20
Rizizdead,1,129,130
lordatlas,4,24,28
Sir_MasterBate,1,1,2
kerkula,1,7,8
ParkerWHughes,1,6,7
Bizzle_worldwide,1,66,67
netfortius,5,2,7
jslberto87,3,17,20
wulfgang,1,18,19
born_in_cyberspace,1,31,32
Cultural_Budget6627,2,39,41
somearejustannoying,1,45,46
this_dudeagain,1,109,110
angiosperms-,1,122,123
techietraveller84,7,13,20
freespirit2016,4,6,10
twitterfluechtling,1,78,79
ogobeone,2,5,7
Dan-in-Va,1,76,77
Drats-DeletedagainQ,1,1,2
looker114,1,1,2
meowmeowarmy,4,11,15
singpolyma,1,1,2
MclovinTshirt,3,17,20
Sweetxdecay,4,5,9
conancat,1,6,7
InfiniteHench,1,8,9
SovietRussian420,1,1,2
metronomy94,1,5,6
rootsvelt,1,40,41
cdtoad,3,45,48
Shay-Love,1,1,2
Furyian13,1,4,5
Ellen_HackerNoon,2,1,3
abnmfr,1,104,105
callsignomega,1,39,40
Molire,12,11,23
mancinedinburgh,17,7,24
RelativelyUnruffled,2,9,11
lilybeanzz,1,4,5
bryschmi,1,8,9
nextbern,7,201,208
Drinkie_Zilla,4,37,41
makarmackinnonstan,1,7,8
Aeonoir,1,4,5
mr_rouncewell,2,99,101
chalk46,1,66,67
donmanzo,1,9,10
chirruphowlinkeeaahh,63,57,120
chloeia,2,4,6
theprodigalslouch,1,63,64
archbish99,2,17,19
Throwimous,1,47,48
designerfx,1,125,126
8to24,1,403,404
penguin97219,1,18,19
dwittherford69,4,63,67
ffviiking,1,5,6
gamesdas,1,1,2
gregdbowen,3,23,26
beamdriver,2,48,50
shmatt,5,13,18
vanilla_coffee,12,149,161
AnukkinEarthwalker,1,104,105
OkDelay5,1,7,8
Fun-Bug1060,13,3,16
elevendayempire,1,3,4
super_compound,1,3,4
KendraMontgomery,1,6,7
1Northward_Bound,1,9,10
ken-bone-2020,1,32,33
juptertk,1,94,95
samplestiltskin_,27,106,133
WhoIsJolyonWest,7,18,25
SaidTheCanadian,1,2,3
Downvotesohoy,2,30,32
Sysiphus_Love,4,17,21
batweenerpopemobile,1,31,32
kapuasuite,1,16,17
burningmonk,1,10,11
Newguyiswinning_,1,128,129
TheDude9737,1,5,6
NiYtSHADJow,1,1,2
ARoyaleWithCheese,3,27,30
first_boss,1,4,5
itsfuturehelp,1,14,15
mishaalnaeem,1,1,2
arandomsadredditor,1,309,310
Nergaal,2,114,116
IntermittentDrops,1,3,4
Regulus0,1,2,3
userr_91,1,8,9
RailsApps,1,2,3
penone_cary,1,5,6
kagethemage,2,81,83
circumtopia,2,172,174
Ask-Me-If-Im-Happy,2,20,22
CWABroadband,2,2,4
IMA_Catholic,2,63,65
TorukMaktoM,3,26,29
JeevanBiswas90,36,2,38
riskable,1,63,64
Galverizer,1,2,3
fk4cyl,5,2,7
YtvwlD,1,1,2
GangreneMachine,1,50,51
hedney3,1,1,2
Skintanium,1,33,34
smode21,53,3,56
haohnoudont,1,28,29
Fraiz24,1,1,2
dep,1,9,10
ShadowBannedAugustus,2,75,77
Positive_Compote_506,2,11,13
Brunooflegend,1,10,11
TrashyMcTrashBoat,1,21,22
MechMeister,1,30,31
opulentgreen,1,25,26
Stomatin,3,9,12
Blue_Is_Really_Green,4,8,12
SeanBlader,1,26,27
TheGetUpKid24,1,75,76
Flelk,2,5,7
sauga1967,1,7,8
TheEvilGhost,13,50,63
gregor-sans,1,31,32
KINgGh0sT,1,2,3
Thenerdy9,1,7,8
sp3zzz_,2,7,9
CharliePlayer1,1,1,2
MlohCram,1,11,12
Johnnyp717,1,1,2
kingkrishgaming,1,7,8
TsujiLeague,1,9,10
FenrirIII,13,83,96
s1ngular1ty2,5,222,227
creaturefeature16,6,137,143
Sinemetu9,1,6,7
sonicking12,3,84,87
vessol,1,15,16
Knight_of_the_Lepus,1,12,13
cnbc_official,21,13,34
DocWaterfalls,2,9,11
LeadingApartment1554,1,8,9
renatomello,3,12,15
Skidoodilybop,1,2,3
Wagamaga,2343,45,2388
vicsand,1,3,4
Fit_Faithlessness398,1,3,4
rbmassert,1,28,29
BenderB-Rodriguez,1,24,25
akrobert,1,58,59
kaloyanski,1,1,2
boundarychimps,1,7,8
testus_maximus,13,6,19
asafpeer2005,1,1,2
idarknight,30,3,33
Moonschool,5,4,9
eorld,3,4,7
youessbee,1,7,8
tvfanatic1337,1,348,349
avivi_,4,1,5
ombx,4,6,10
InfinitySoftSystems,4,1,5
RunOrDieTrying,1,19,20
wolffery,1,1,2
bphilly_cheesesteak,1,11,12
Stroov,1,3,4
InnermostThots,1,6,7
Public_Fucking_Media,1,5,6
Elranzer,1,106,107
joeypants05,1,22,23
ArfurRatt,1,9,10
R3NZI0,1,7,8
herewego199209,1,170,171
screames123,4,1,5
machlamethelus,2,3,5
cannonfunk,3,23,26
TotalCharcoal,1,93,94
JustinLing,1,2,3
thinkB4WeSpeak,143,60,203
Ringo_Masterminded,2,4,6
arnpotato,1,9,10
Der_Missionar,6,65,71
MoonWynd,2,9,11
Ill_Fisherman8352,1,2,3
3sides2everyStory,1,15,16
EdithDich,11,33,44
TopPin1,1,1,2
zenwalrus,1,3,4
skunk_ink,1,1,2
These-Assignment-936,1,9,10
NickPookie93,1,20,21
jack__191,4,4,8
MsKim,5,36,41
Rear-gunner,4,48,52
stillalone,1,16,17
GreunLight,1,16,17
cryptictesticles,58,50,108
Squarebearz,2,12,14
TechD123,1,1,2
Crypt-B,2,8,10
breck,1,3,4
spinx248,15,35,50
DirectRead2,1,1,2
aaabigwyattmann2,2,72,74
redproxy,1,11,12
coolbrze77,1,5,6
ASuarezMascareno,3,44,47
neotheseventh,4,24,28
bennmorris,4,1,5
On_The_Razors_Edge,1,29,30
Swein_Forkbeard,1,1,2
Bombsawayboy,1,19,20
jnlake2121,1,10,11
NegotiationFew6680,2,82,84
tajsta,1,102,103
ninjascotsman,9,16,25
thelielmao,2,2,4
nwotnagrom,11,3,14
hcsLabs,1,59,60
Sir_Sir_ExcuseMe_Sir,1,3,4
Secret-Plant-1542,1,47,48
informatziya,1,39,40
HarryPoland,9,1,10
abetterjuul,1,2,3
Griffithaintshit,1,4,5
Couchpotato1999,1,13,14
astar48,1,90,91
lighthouse77,4,11,15
teslas_love_pigeon,1,4,5
0x611b,1,6,7
HLMenckenFan,57,31,88
TimOrca,1,4,5
Web3Alchemist_eth,1,26,27
amos_blake,3,13,16
Drumlin,3,5,8
rnargang,3,24,27
AnimalCrossed24,1,1,2
3xploit_,1,43,44
eurostarbd,2,1,3
Darthvaderpopguy,2,15,17
No_Comment_613,1,6,7
IrishTR,1,14,15
emptypotatoes42,1,1,2
Puzzleheaded-Bug7690,1,25,26
kerpowie,1,8,9
SpotifyIsBroken,8,438,446
ihateradishes,1,31,32
makoadog,1,6,7
terapinrex,1,36,37
ConfusedSoap,1,3,4
EverMoreCurious,2,4,6
Frosty_999_,1,3,4
heliumargon,1,9,10
Jourdy288,1,2,3
homoclite,1,21,22
Wanan1,2,1,3
Escoliya,1,15,16
jivatman,14,7,21
-OQO-,1,47,48
Commercial-Highway23,1,1,2
CALLS-SOGU,1,3,4
magurabablu,3,2,5
johnmrson,1,4,5
GrizzleMeElmo,3,1,4
BlueMANAHat,3,49,52
User_Name13,7,3,10
weblscraper,2,3,5
CyberHoff,3,23,26
liverichly,2,2,4
aaronhayes26,1,30,31
JustFred24,1,1,2
SevPanda,1,5,6
khaled,8,10,18
bobdobbes,1,5,6
AlexanderDaychilde,1,53,54
ddoherty958,1,10,11
Wolf35999,1,1,2
jordzjake,1,1,2
KMartSheriff,1,1,2
Grasshopperboper,1,26,27
Redditsoldestaccount,1,2,3
AffectionateSize552,2,38,40
McCringleberried,2,1,3
The_Bagel_Fairy,3,41,44
TheGhostOfTzvika,12,2,14
lyrikz74,1,19,20
dablackviking,1,20,21
damianTechPM,1,11,12
PuzzleheadedWeb9876,1,22,23
sidcool1234,104,2,106
Kubibukuro,1,4,5
PewPew84,4,23,27
ScientiaEtVeritas,1,5,6
SnoozeDoggyDog,9,3,12
ecursiver,1,2,3
TechnicalLeader79,1,1,2
FillsYourNiche,1,1,2
worgia,1,1,2
DomPachino,1,1,2
nyenkaden,1,2,3
Kamelasa,1,6,7
Amazing_Lunar,1,1,2
abcdefghig1,1,28,29
WildfireTechGuy,2,8,10
widofnir,1,1,2
whitebeltinhaiku,2,24,26
BrightProfessional8,1,46,47
Akula_SSN,1,1,2
Risay117,3,52,55
barweis,12,12,24
Key-Lack-5614,4,1,5
killerblazeball,1,1,2
disoriented_llama,3,12,15
Apprehensive_Bug_826,2,6,8
KingstonEz,1,1,2
stevethepirateuk,1,1,2
AndyJack86,4,65,69
ChickFleih,7,5,12
Breaksondy,1,1,2
Uhfolks,1,4,5
serubin323,1,4,5
Snafflow,3,2,5
lurker875,2,2,4
Omnicrola,1,4,5
nastyjman,25,32,57
dbneo,1,17,18
KevinScottMicrosoft,1,19,20
YetAnotherInvestor,3,1,4
IAmMey,1,18,19
kr0bat,1,2,3
bilby2020,1,11,12
SiNiquity,1,6,7
Bettyboo9222,1,1,2
amyjackson444,1,1,2
sillychillly,28,19,47
sboakyey,1,1,2
Omnitographer,1,60,61
magicm0nkey,1,4,5
Aganith,1,1,2
cruisethevistas,1,3,4
SimulationV2018,1,16,17
darkestone7,1,6,7
ExoticStress1,1,6,7
WPHero,31,3,34
Scientific_Thinking,8,12,20
s3l3,1,2,3
Unicorn_Spacesuit,2,9,11
nigeltrademark,2,1,3
wickedGamer65,1,3,4
VashStamp3de,1,57,58
xcb5,1,7,8
lazy-jones,1,2,3
Fit-Satisfaction7831,1,133,134
EasySeaView,1,30,31
ALongOverdueSpanking,1,2,3
nnnaikl,3,28,31
buddhathegravekeeper,1,5,6
DeppJohny,3,1,4
SuggestionKey2038,1,9,10
Eg0nxz,1,2,3
yes_but_no9,1,1,2
smt1,2,14,16
huey_and_riley,4,6,10
Cheeky_Star,1,85,86
kittenpantzen,1,10,11
bitCringeInitbruv,1,2,3
Heyj-why,1,1,2
Daronmal12,1,2,3
Hetty_Official,3,4,7
Realistic-Singh165,1,4,5
HACCAHO,1,26,27
aligantz,1,1,2
euphem1sm,1,7,8
TwasAnChild,7,3,10
thispickleisntgreen,10,1,11
nidorancxo,2,18,20
Capmiserable,1,3,4
jointhedomain,1,8,9
MrMike,11,2,13
holyhacker,25,1,26
arashvenus,1,49,50
farts_on_faces,1,1,2
AnimePrimeMinister,12,14,26
AndyFreeman,1,26,27
thaw4188,1,2,3
SpaceMonkeyOnABike,1,15,16
faintingoat,1,1,2
Bane_SRB,1,2,3
Ishan1121,1,5,6
GodOfUtopiaPlenitia,1,12,13
Responsible_Skill820,2,1,3
PanDariusKairos,1,2,3
Sclerodermasucks17,1,4,5
thefoodboylover,2,1,3
vscoy00,2,1,3
Real-Yellow6356,3,1,4
Tight_Nerve,1,2,3
BinkReddit,2,1,3
dynojustmight,1,3,4
Centauran_Omega,1,16,17
j0hn_Les3_R1pp3r,1,2,3
iissmarter,1,1,2
rankingexpert,15,2,17
jerrylovesbacon,1,2,3
DeeJayDelicious,1,27,28
DRM2_0,2,170,172
EricFromOuterSpace,4,21,25
nikolatosic,1,3,4
BroderzYt,49,8,57
amaxen,2,12,14
Zyx-Wvu,1,29,30
ComfortableTipTap,1,33,34
Significant_Blood945,1,84,85
jayasrilanka,2,3,5
Hot_Connection_189,1,1,2
Witn,1,7,8
tofe_lemon,1,1,2
nousername206,3,3,6
t3hzm4n,1,1,2
PM-ME-CUTE-TITTYS,1,14,15
peeps001,1,3,4
coolbern,1,1,2
Neopacificus,1,17,18
Embereyess,1,1,2
Lacerationz,1,5,6
VaultHill,1,1,2
Sariel007,39,5,44
DreGu90,11,4,15
alexdgrate,1,9,10
4DayWeekUS,1,2,3
WallStreetDoesntBet,41,20,61
Aeromarine_eng,12,1,13
foofork,1,11,12
ExtremelyAlarming,1,2,3
AgentFN2187,1,2,3
emeegee13,1,3,4
ednice,1,6,7
TwoEggsOverHard,1,1,2
Speeider,2,9,11
Appointment_Addict,1,1,2
Sea_Tack,1,24,25
beastmanrules2,1,5,6
confabulatingpenguin,1,17,18
savuporo,5,14,19
ketaminejunkie1337,1,8,9
merien_nl,3,67,70
cuttino_mowgli,1,35,36
iamgrape1119,1,5,6
CormAlan,1,5,6
Scorpinock,1,27,28
elycamp11,1,10,11
jiggly_bitz,1,3,4
DragonfruitOdd1989,22,123,145
styp3r,1,1,2
dumbledorky,1,12,13
Visual_Heat_7357,1,1,2
climeworks,2,3,5
Strijdhagen,1,4,5
Zentienty,1,15,16
Swiss_James,1,16,17
GhostofDownvotes,1,420,421
liminal_sojournist,1,14,15
Hot-----------Dog,2,33,35
Cheap_District_9762,2,18,20
beigetrope,1,22,23
Interesting_Stop_935,2,4,6
Motor_Light,2,2,4
Try2Relate2AllSides,1,7,8
Chijioke_official,1,1,2
vexargames,3,27,30
ajcoll5,2,10,12
Awkward-Broccoli-150,1,3,4
WilliamPHP,1,1,2
Gold-and-Glory,1,18,19
inde_,4,6,10
Yendis4750,1,8,9
CentipedeBrows,2,13,15
Change_petition,1,10,11
Meteor_Impact,1,1,2
fossfans,4,1,5
kenshen,2,10,12
Pleaseoofmealready,4,3,7
CalamityJane0215,1,5,6
canneryelf,5,11,16
MediocreAd4418,3,4,7
OrangeFail,1,6,7
sionescu,1,26,27
ridev65s,1,1,2
rjkb041,13,11,24
GeT_Tilted,1,6,7
blarghhboy,1,1,2
Skywalker_1881,2,5,7
Plus-Wolf-1893,1,24,25
Ali80486,1,12,13
iamdanthemanstan,1,1,2
CyberPunkMetalHead,2,1,3
pnewell,29,6,35
MCurry8,1,9,10
Revolutionary_Many31,1,8,9
AgainstBigotry,9,5,14
Chance_Ad1692,1,55,56
GamingSince83,1,5,6
Mirokira,1,83,84
PingPongPizzaParty,1,282,283
intothedragon2,1,2,3
bytebl,6,4,10
Corbulo2526,4,101,105
Boo-it,3,5,8
Few_Victory_1922,2,1,3
sophisticatedemeanor,3,4,7
I_am_unique6435,1,18,19
Where0Meets15,1,5,6
reps_up,5,3,8
getting_into_knives,1,1,2
Bizzy1995,1,4,5
GreaterAlligator,1,13,14
LongArmChang,2,11,13
dean72135,1,3,4
Own_Ad7145,1,3,4
Surf-Jaffa,1,4,5
Brook030,48,11,59
KingSash,33,9,42
GullyShotta,5,3,8
benjamari214,1,12,13
NobleElement5,1,1,2
Azidihaka,1,14,15
uppitymexican,2,1,3
Fidler_2K,1,3,4
petea_copine,1,1,2
beeen_there,1,18,19
shahanazwd,2,15,17
endubai,2,1,3
BlackShadow088,2,1,3
percybolmer,8,6,14
jwoodsutk,1,9,10
Rags2Rickius,1,31,32
Triangulasaurus,1,2,3
InternationalArm4463,2,1,3
StoneEater,1,2,3
ourlifeintoronto,493,3,496
WutzTehPoint,1,19,20
Fanrific,1,1,2
me-i-am,1,2,3
technically_tech-ish,1,3,4
Rockztar,1,3,4
Au_Struck_Geologist,1,9,10
MBB209,1,1,2
Seva55,1,24,25
hennell,1,12,13
asteriskspace,51,1,52
mazdakite2,6,57,63
passiverapist,1,2,3
Cutlack,4,12,16
QuantumLeapChicago,1,16,17
salawm,1,6,7
andrewclarkson,1,1,2
YamiJustin1,1,1,2
kkk868652,4,2,6
meghrathod,6,10,16
freddy_rumsen,1,7,8
packetlosspro,1,26,27
foodude84,1,17,18
joevinci,1,3,4
flappingmeat,14,3,17
ScarlettPixl,1,16,17
aguali,1,1,2
BachthovenIB,1,26,27
8ozLambChop,1,3,4
LeDucky,1,4,5
schizoduckie,1,6,7
BlackWidowStew,1,3,4
PetyrDayne,31,23,54
venvaneless,1,3,4
MousseMother,1,2,3
JLBesq1981,4,4,8
NearbyKiller,1,3,4
covid_gambit,1,25,26
Hobert-ben,1,1,2
nanoman956,1,2,3
migill-66,16,17,33
thenervousfoxpolice,1,1,2
RoarkeC,2,5,7
MagicWishMonkey,1,22,23
steel_member,1,20,21
alexcollins521,17,1,18
ss2sharma,1,1,2
npsage,1,5,6
ScootSchloingo,1,6,7
Imchaman,1,1,2
doors_2,6,4,10
Langernama,1,1,2
NevadaCrump,1,1,2
johnabbe,3,7,10
webdev20,1,1,2
JonnyManhattan,1,1,2
InfiniteChallenge99,1,9,10
techictalk,1,3,4
bev9489,1,1,2
Numerous-Ease-3818,1,1,2
xsubo,1,12,13
Fenil_Savani10,1,4,5
onepingnramius,1,2,3
misterneb,3,1,4
unculturedalienrebel,1,7,8
CryptoChief,2,10,12
I_m_Being__Lucas,1,1,2
FalconRound3514,2,6,8
Elite_wildwolf,1,1,2
Wellllfuckit,3,21,24
Astrophysicist_X,1,47,48
queenmyrcella,1,23,24
zKarp,1,17,18
throwawayanon1252,1,2,3
SebastianPatel,3,4,7
flossypants,1,34,35
obscurus7,1,15,16
kirky29,1,2,3
LazarianV,1,2,3
pwillia7,4,5,9
FoulYouthLeader,1,22,23
VMON215,1,4,5
nick314,1,1,2
PranavBird,1,1,2
comingsoonnews,2,1,3
abifani,2,2,4
drkuttimama,1,8,9
fliftysand123,1,1,2
FrankySobotka,1,18,19
The-Bored-Guy10,1,1,2
Bemuzed,7,6,13
Every_Zucchini,1,2,3
floccinauciNPN,1,2,3
metalhead0710,2,2,4
ShwetaSharma1220,1,6,7
LordConnecticut,1,4,5
CuckBartowski,1,3,4
GhostriderCBX,1,43,44
LicoriceSucks,2,5,7
mertz3hack,1,12,13
TolulewisTamoka,1,3,4
There_can_only_be_1,1,3,4
Fine_Molasses_1354,5,1,6
Outrageous_Zebra_221,1,32,33
mark_b,1,2,3
CommaNut_Ondis,2,22,24
Ravekat1,1,5,6
VedantGogia,76,8,84
bigblutruck,1,24,25
DeepHistory,1,1,2
photoalbumguy,6,22,28
proboscisjoe,1,9,10
Kernelbash,2,1,3
johnwayne2413,8,70,78
Long_Beautiful6367,1,3,4
uptheneck,2,4,6
amanbhatia97,1,1,2
RaiseRuntimeError,1,11,12
asking_for__a_friend,1,5,6
briaowolf,1,2,3
SlowCrates,1,5,6
BiscuitOfGinger,90,13,103
Clairvoidance,1,17,18
FutureisAsian,1,1,2
KingSadra,1,15,16
billchill1,1,1,2
Ground2ChairMissile,1,42,43
phillygirllovesbagel,24,6,30
Thenwhyaskwhy-O_o-,2,6,8
rzwitserloot,1,40,41
IvyGold,22,16,38
Leather_Dragonfly529,1,3,4
rdnk979,1,3,4
Akakumura,2,1,3
hiredhobbes,1,3,4
jimgagnon,1,4,5
twistedpicture,1,3,4
that_young_man,2,1,3
Butt-Dickkiss,2,3,5
SpaceInstructor,7,9,16
FURRiKyTSUNE,1,1,2
idrossbenyounes,1,1,2
Burgerlord24,1,1,2
FruitfulRoots,1,3,4
William_John_k,7,1,8
RicoBentley,1,1,2
Blueberryburntpie,1,1,2
andyp,1,5,6
DrCryptolite,4,1,5
eNjOi_,1,1,2
rachzera,2,5,7
Hazy_in_the_303,3,2,5
LiveTee,2,7,9
hobyvh,4,4,8
notdeyknowferro,1,2,3
BLOGYONE,2,2,4
SuspiciousCricket654,1,42,43
eightpack8888,2,10,12
WillTrekker,2,2,4
Spiritual_Chip_1309,1,1,2
FastForwardOfficial,2,1,3
strokeright,2,10,12
PartDirect,1,8,9
loadtheboat,1,2,3
ryfi--,2,13,15
dwuuuu,1,5,6
reachingfourpeas,2,2,4
Acceptable_Result192,2,9,11
No_Butterscotch8504,2,54,56
RobertPopescuYT,1,2,3
TaisharManetherener,1,4,5
Haberdashermon,1,1,2
FortuitousAdroit,7,2,9
Chaos4Link,1,11,12
Abhi_mech007,91,28,119
mothwizzard,1,2,3
TekhEtc,1,2,3
RayRayBeatU,1,2,3
bamboozled_bubbles,1,2,3
orvianstabilize,1,5,6
eosinophille,6,11,17
ShowmeyourWAP,1,23,24
WowzaFella,1,7,8
Nothing-Pretty,1,2,3
yogibeer73,1,3,4
BCSWowbagger2,1,1,2
Mysterious-Traffic17,1,6,7
darksieth99,1,14,15
_sfhk,1,24,25
bslade,1,2,3
KingMidas369,1,2,3
ElectricMan324,1,7,8
SugarTacos,1,6,7
Putrid_Section_0,1,2,3
Competitive_Travel16,1,16,17
big-spongebub,2,1,3
andrewkins,3,3,6
Mindless_Distance_48,1,5,6
BillyBerigman,1,1,2
archetype1,1,16,17
mcizz88,1,13,14
Philonico,3,2,5
dgdio,1,59,60
Here_To_Educate,2,2,4
Enough_Loquat3229,1,4,5
pistruiata,8,6,14
dandan14,1,1,2
SlightlyMadSalad,1,2,3
Spiritual_Navigator,2,10,12
aJolc5gV,2,13,15
sdotmills,1,26,27
jason_jones19,16,18,34
ColdIron27,1,3,4
Rogue508,1,1,2
Lordziron123,1,3,4
KevinAdamo,1,8,9
iamthakurabhishek,1,2,3
faustianbargainer,1,8,9
D3VF92,13,1,14
KewlZkid,1,6,7
alwayshazthelinks,1,5,6
reddit5446,1,1,2
TrueNorthAmerica,1,1,2
TunakYourLastTun,1,8,9
manoharvamsi,1,1,2
Zoner1501,1,3,4
TwitterElon,1,2,3
RGB3x3,1,11,12
phatvanzy,1,3,4
Valuable-Mirror-1209,2,4,6
CurvaParabolica,1,2,3
Not_High_Maintenance,1,12,13
GroMicroBloom,1,2,3
HeroAntagonist,2,8,10
RezwanShovon,2,1,3
jaaduman,1,6,7
flymeanywhere,2,1,3
montrealcowboyx,1,3,4
Additional_Day_8410,2,1,3
YouCanLookItUp,1,9,10
ResidentAttention640,1,1,2
WearyThanks,2,1,3
TheSkewsMe,3,10,13
stinkyf00,1,9,10
Mynpplsmychoice,2,16,18
Brilliant-Economy898,3,1,4
iamthyfucker,8,28,36
PabuNaga,1,8,9
humxnprinter,1,1,2
Academic-Strategy857,21,4,25
nafizzaki,2,2,4
reallynotacop,1,1,2
marchershey,1,5,6
SamNav03,2,1,3
intoxicatednoob,1,14,15
sophychurchy1,1,1,2
cloud52ab,1,2,3
DisastrousVanilla383,1,2,3
virupaks,1,1,2
reddittrollguy,1,7,8
il_edonismo,1,2,3
DellM2005,3,13,16
AmarHassan1,2,8,10
vl4dimir99,1,1,2
HotVW,1,1,2
antihexe,1,5,6
Anoth3rDude,12,9,21
YakOrnery,1,24,25
Souled_Out,8,7,15
I-melted,1,7,8
OfficerLovesWell,1,14,15
thegravity98ms2,2,2,4
dingustinguss,1,2,3
osiris_210,1,4,5
onee_winged_angel,2,8,10
Zomaarwat,4,7,11
JfourSON,1,1,2
NinoIvanov,2,3,5
SPENDER-03,1,2,3
MisterBisker275,1,3,4
W0lfw00d179,1,5,6
i_am_a_chicagoan,1,5,6
alwaystheping,1,6,7
wellstone,2,1,3
greatdevonhope,2,3,5
theusefulRedditor,1,7,8
info_cellar,4,1,5
killamator,2,5,7
llevar,1,1,2
MirkoPierli95,1,1,2
pouya02,1,6,7
joker_wcy,1,2,3
ladyem8,5,9,14
AlbatrossImportant32,2,1,3
ZaWarudooooooo,1,1,2
Milzo9,1,1,2
SarkastikAmbassador,1,1,2
mayateg,3,2,5
ankyboii007,1,4,5
subsevenn7,1,1,2
ThaBlackLoki,2,4,6
greenejames681,1,3,4
naughtyguiman,1,1,2
nigelthornberrynose,1,9,10
Mental-Comedian-6304,5,2,7
Forsaken_System,1,1,2
Popular_Ad_6777,1,4,5
Yakatsumi_Wiezzel,1,21,22
kloutier,1,1,2
Robert_Grave,1,12,13
Kindly_Junket_2112,2,2,4
bluethunder1985,1,1,2
ItsYourBoyFBP,1,2,3
Monfonguito,4,10,14
Deshes011,3,6,9
adormehi,1,1,2
add11123,1,1,2
myballzhuert,1,5,6
NecessaryStrain,1,1,2
Pure_Candidate_3831,5,4,9
Ice-Common,1,1,2
BBMic,3,1,4
crzydim0nd,1,2,3
Showaaeb,7,1,8
johnbigdavidson,1,3,4
tswiftdeepcuts,1,53,54
terran1212,2,3,5
Spagetti13,11,5,16
jmend23,1,1,2
GreenTaylorShrimm,1,3,4
Number26,1,1,2
tiller6100,1,9,10
InternationalIdeal61,1,1,2
branstarktreewizard,1,7,8
wirerider,2,1,3
wellroundedstudios,1,1,2
_DMYZ,1,1,2
Current_Cry_3672,2,1,3
johnmudd,2,12,14
Isaiahinc1,4,4,8
keung1234567890,1,1,2
mtmm18,1,3,4
ConsistentComment919,6,2,8
Inairandfloating,1,1,2
samjamtimtam,1,3,4
Tenith,2,2,4
giants4777,3,3,6
udaichi,1,1,2
Its_Alan_Lewis,2,3,5
SkinToneChixkenBone,1,1,2
GoodVibesSoCal,1,3,4
greenielove,1,5,6
howdoesitwork31,1,1,2
ccnafr,16,11,27
ProudBlackDood,1,3,4
smithworld1,1,1,2
lindenstark,1,1,2
AlbertMoral2018,1,1,2
_Kristian_,1,1,2
roofkorean55,1,1,2
0utlin3,1,2,3
Electronic_Alarm5568,1,1,2
photoshopstradamus,1,8,9
snooshoe,33,2,35
Psychological-Age866,4,1,5
falconx2809,3,25,28
_Fried_Egg_,1,8,9
pmwws,1,3,4
evasive-company,1,1,2
doubleFisted33,2,8,10
similarities,1,1,2
about842,1,1,2
JgdPz_plojack,2,11,13
BronxLens,1,3,4
Wilddog73,1,16,17
charIiesthebest,1,1,2
ninjamammal,1,10,11
kollaganusprimor82,1,2,3
Embarrassed-Pay-9897,1,3,4
pluram,7,1,8
charvadaryan,1,1,2
Powerful-Health8208,2,2,4
Minezenroll,6,1,7
realityr,1,1,2
00A36C,1,4,5
liotier,3,1,4
AtariRiot66,1,9,10
KingBlue2,1,5,6
Gooosfraba1,1,1,2
KanrisuruDev1,3,4,7
cop3213,1,2,3
jaggedmaam,1,2,3
lankanmon,2,7,9
Suspicious-Brief970,1,1,2
Purr-box,1,9,10
krazyalbert,1,7,8
valentinovic,2,1,3
Appropriate_Ant_4629,1,37,38
huydh_,1,1,2
observerfrompdx,1,1,2
Dennis_Gachanja,4,3,7
Pale-Equal,1,2,3
max-venum,6,1,7
Sharing-isCaring2022,1,1,2
painterman99,1,2,3
supmandude,1,2,3
Vedant_Tailor,6,1,7
sayy_yes,1,2,3
Buffalojj02,1,1,2
joeman_01,3,1,4
komi_diams,1,3,4
AntOk463,1,1,2
BallonDfloor,15,5,20
ThatSoftware4946,1,3,4
khrishan,1,1,2
djb365,1,1,2
Ilfirion,2,29,31
The_W_Team1,1,1,2
lunka_chuck,1,19,20
sashanicoleart,1,1,2
OPPineappleApplePen,1,3,4
rdv100,4,14,18
solveig82,2,6,8
Bigbang3226,1,2,3
ellbag,1,2,3
drkooplovesme,2,11,13
monthoftheman,1,19,20
tro_tro9,1,2,3
Either_Assumption392,1,1,2
joshhhhhxox,1,3,4
bssgopi,1,3,4
cptahab69,1,2,3
DermoTester,1,1,2
Rabahb7com,1,1,2
DeerSpotter,1,5,6
TJVD84,2,1,3
ILoveAustinTexas,1,2,3
EastMojo,1,1,2
USS_Donald_J_Trump,3,5,8
Nicolas-matteo,29,32,61
vts_o,2,1,3
J11ghtman,1,12,13
sarcyshysa9,1,3,4
J-W-L,2,18,20
homestead1111,1,2,3
Individual-Walk-1852,1,1,2
motorsportnut,1,2,3
Responsibility_57,2,3,5
Weird_Description982,2,2,4
Little-Scholar-4191,1,1,2
intersting55555,1,1,2
BlackPanther001,1,1,2
pkpkpkpk,1,2,3
hubbahubba98,1,1,2
Imperial_12345,1,14,15
Markdd8,2,9,11
cabinfeaver55,2,2,4
BernyMoon,2,10,12
Ask_for_puppy_pics,1,18,19
GeomanticCoffer,1,4,5
MisterMeister68,1,1,2
Icare2little,1,8,9
FullBagOfDoritos,1,1,2
parker_adam916,3,3,6
onearmedphil,1,1,2
therohannigam,1,2,3
contratesammy,2,18,20
bug_1729,1,1,2
Less_Transportation,1,1,2
Gold_Photograph1,4,2,6
ReasonableAdvance850,1,2,3
IAmAdamQuinn,1,1,2
BettyBeltway,1,1,2
Inevitable-Run539,1,1,2
sstiel,1,1,2
CloudInvest,18,1,19
Mateo03,1,2,3
mainelane,1,2,3
Fxon,1,5,6
Dry_Echidna269,6,2,8
buttchexsizdabez,1,2,3
wakeem21,4,1,5
CantGet-Enough,3,7,10
Izento,1,1,2
chriswick48,5,5,10
johnnymarijuana,1,1,2
2tidderevoli,2,1,3
SunnyHappyMe,1,2,3
GeriatricJohnny,1,8,9
thatweirdkidriley,1,1,2
hatdog-00,1,1,2
PaleontologistDue258,1,2,3
Social_History,1,1,2
samemail88,3,1,4
Key_General_4321,6,13,19
GoldenHourTraveler,1,10,11
Aggressive-Alps-4502,1,1,2
cre8it2,1,1,2
lori_lightbrain,2,60,62
FromTheAshesOfTheOld,1,4,5
Next_Dimension74,2,1,3
HonnyBrown,1,3,4
Chemical-Working4986,1,3,4
JeffRSmall,1,11,12
Factory24,1,2,3
partev,1,1,2
Kage_Dragon7,1,1,2
Crimbobimbobippitybo,4,264,268
SQLMaria,1,1,2
RPG_breakr,2,1,3
savagepriest,1,1,2
VeterinarianProper42,25,5,30
Double-Anteater228,4,6,10
nobodyinnj,1,1,2
Inthewoodlands,1,2,3
quichemiata,1,7,8
No_Cat_No_Cradle,1,3,4
obvious-statement,1,1,2
Dudarion,1,1,2
Crazy-My-Beat,1,4,5
plumbsearch,1,1,2
minnyrouse,4,1,5
arminham1967,1,1,2
atrcrest,1,1,2
zoefzootje,2,1,3
CPT_Haunchey,1,5,6
Soccerandmetal,1,3,4
AliZimNomadic,4,1,5
Battle_Librarian,1,1,2
BingBingBONGB0NG,1,1,2
suavecool21692169,3,5,8
ZELENY_OTARU,1,1,2
M1nder,1,4,5
RockJock2000,2,2,4
Nice_Diet_3544,3,2,5
ElectricBeige3000,1,1,2
JBJB1029,1,2,3
itrustpeople,7,3,10
dschwanh,1,3,4
Life_Ad7566,3,1,4
cantthinkofxyz,1,6,7
Pichu_sonic_fan2545,5,24,29
disquiet,1,10,11
Scaramuccia,1,10,11
LigmaBalls-420,1,2,3
Handaffe,2,1,3
stockandcrypto,3,3,6
cruzab-2005,1,1,2
Clear-cutMemory,1,1,2
Pure-Organization-26,5,1,6
Raffalove88,1,1,2
Bigguy1311,1,5,6
Lucid_G,1,2,3
ninedashlines,1,2,3
Trendgenics,9,2,11
Longjumping-Cress793,1,1,2
buckeye837,1,1,2
kajri,16,3,19
Shadow87,1,1,2
Objective-MMW,1,1,2
Flimsy-Union1524,14,1,15
Epicurium,2,1,3
SupeRFasTTurtlE2,1,10,11
SuburbanDad5595,1,2,3
skrepps1,1,1,2
nate_rausch,1,4,5
AgentOrcish,1,4,5
smorin1487,1,1,2
Physical-Pack-2383,2,1,3
julian88888888,1,2,3
tentaclesofoblivion,1,1,2
H4km4N,3,20,23
uniqualykerd,2,20,22
nex0rz,4,2,6
Semitonecoda,1,4,5
pyh00ma,2,4,6
AlternativeFix3,1,1,2
ConfectionConnect117,5,1,6
Monad-Nomad,3,1,4
rumbarumba7,1,1,2
chetanaik,1,6,7
Twigling,1,2,3
hubahuba111,1,1,2
ApproximatelyExact,2,2,4
Warm_Ice_Cream,1,1,2
randomshitsz,1,3,4
gray4444,4,4,8
bearjew64,1,2,3
doubtyy,1,2,3
Healthy_Block3036,5,3,8
real_yy,1,1,2
Cheap_Farmer_6418,1,3,4
NeoCiber,3,1,4
Ready373,3,2,5
Quirkie,5,1,6
LocutusofPicard,2,2,4
PutridAppointment69,1,27,28
PATCH_THE_ABUSE,6,4,10
HidingUnderACar,1,1,2
PhotographSignal6482,1,5,6
liamdempsey014,1,1,2
better_for_me,1,1,2
ashisht1122,23,6,29
voitlander,1,4,5
Leelum,19,1,20
thehunter699,1,7,8
Environmental_Arm440,1,2,3
HarmoniousDroid,1,7,8
arruah,1,1,2
grao666,1,1,2
LewdVector,3,2,5
informationtiger,16,2,18
Fit-Asparagus8557,1,8,9
tacitsending01,1,1,2
PandaReal_1234,1,11,12
Crafty-Yoghurt-6296,2,2,4
BarcaIsMyLove,1,1,2
totestsuswopfi,1,1,2
StardewFlow,1,1,2
tdmmnnl,2,2,4
MarcusLegendary,1,1,2
Blockchain_Benny,1,7,8
Gumwars,1,1,2
stark247,2,3,5
clacker96,1,2,3
UrUncleRick,1,1,2
fortune,2,12,14
sowmyamelissa,1,1,2
CoachFrontbutt,1,2,3
HathamLudacrious,1,1,2
Blinky_,1,9,10
DumplingsVsNoodles,2,2,4
slobs_burgers,1,5,6
Davesh-Manral,1,2,3
ZabihBakhtiari,1,2,3
DavidLegba,1,1,2
Avocado_Express,4,1,5
sakurawaiver,1,6,7
Hot-Issue7445,1,1,2
PlasticLeopard2711,1,1,2
save_the_scientists,1,3,4
Lurkingredditatwork,2,2,4
ConceptAlert7493,2,1,3
LibertyConMan,4,9,13
squishylime,1,1,2
CockroachOk6363,1,2,3
kfthebest97,1,2,3
r0ckydog,1,1,2
Purplesindro,1,1,2
Sukneh,1,2,3
irenepanik,3,1,4
anubisw,1,1,2
PcGamezzz,2,1,3
Independent_Ad6206,1,2,3
Theo_011,10,6,16
RyderCragie,1,1,2
BrandiBlitz,2,1,3
joker54,3,3,6
discgolfpro,1,1,2
dw3t,1,2,3
RickyOzzy,1,4,5
globly2,1,1,2
anguilla1988,1,1,2
Asus550y,2,2,4
Mr_Paperwala,1,2,3
B-A-Rodriguez,1,6,7
indi_n0rd,1,3,4
aaa4000,2,9,11
Speedy-McLeadfoot,1,3,4
promisesam,1,2,3
Original-Elephant988,1,1,2
neil_thayer,1,1,2
aayushmore,1,1,2
LtArson,1,1,2
No-Try-3953,1,1,2
Significant_Prune_33,4,4,8
kuberlog,1,3,4
New_Green2342,2,1,3
Ossify21,1,1,2
777fer,40,2,42
monkee67,1,9,10
woodybuzz123,1,1,2
BeautyInUgly,4,13,17
i_am_SK87,1,1,2
Savage_Bruski,1,2,3
MudkipOnYT,1,1,2
-Omegamart-,2,1,3
SvenViking,1,3,4
Teejaygames200,2,2,4
VanguardSucks,1,20,21
Claeyt,1,4,5
Jelegend,1,1,2
add_____to_____cart,1,1,2
Then-Ad-6559,1,8,9
I_Am_Become_Dream,1,2,3
Dapper-Bottle4886,1,3,4
BennyBotYT,1,1,2
Edjinx,1,1,2
bostonglobe,1,1,2
Anchit107,7,1,8
Velocityx41,1,2,3
SnackSize_,1,1,2
NubivagoNelNonSoDove,15,3,18
samiranghosh,2,1,3
beneway,1,2,3
2ndComingOfLasagna,1,1,2
zerosnobby,1,1,2
FormerHandsomeGuy,1,3,4
noviceboysurfer,2,2,4
Jealous-Creme9985,2,1,3
ydouhatemurica,1,1,2
techvivek22,3,2,5
Grumlyly,1,1,2
sam-abdul,3,2,5
ForeignAffairsMag,11,1,12
Bebe718,1,7,8
jfdonohoe,1,1,2
kossmoss121,2,1,3
TheKidd,1,2,3
Hellahoomps,1,9,10
Alarmed_Term6665,2,2,4
Mikocryptonft,1,3,4
Secret-Radish8296,3,1,4
Turbulent-Sorbet9125,1,4,5
Imcomingforyouboii,2,1,3
kulkarniaditya,1,1,2
DunamisMax,1,3,4
TheArstaInventor,3,33,36
StrachNasty,1,1,2
WashingtonPass,4,2,6
Joelpp2002,1,1,2
DemocracyBug,1,1,2
Large-Service1605,1,1,2
MartyMonero,1,1,2
tophatstuff,1,1,2
youngkin2024,2,1,3
Miguel221109,1,1,2
the-jurassic,1,1,2
Hatewars,2,2,4
Jole0088,1,4,5
OpinionAdventurous44,1,1,2
fun4thewholefamily,1,8,9
ayradv,1,1,2
Fast_Adhesiveness214,1,3,4
MoAwwal,1,3,4
HoooldItRealGood,1,1,2
jjaym2,1,9,10
GambinoLynn,1,2,3
zed_christopher,1,4,5
BasedSweet,25,4,29
misconceptions_annoy,1,1,2
yourbasicgeek,14,2,16
Disastrous_Ad_9977,1,3,4
PoopooMcphearson,2,1,3
tach,2,12,14
Putin666,1,1,2
decode47,1,2,3
Cannabisness1374,1,2,3
Early_Investment2354,3,2,5
DarkPharm2,2,1,3
memento_mori_1220,1,9,10
grebulon,1,1,2
yrdz,1,1,2
battleforbadussy,1,1,2
selux,1,3,4
classic2018,1,1,2
AlbertoRomGar,1,2,3
Wiseguy_Legion,3,1,4
GoMx808-0,116,3,119
SplodeyDope,1,1,2
beafairmod,1,5,6
Alob2,1,1,2
JarsobowNexdelt,1,3,4
arcticshadow247,1,1,2
Acceptable-Answer690,1,1,2
fudgy_brownies,1,2,3
IndefinitelyLegal,7,7,14
IdeaUsher__,1,1,2
Raj_TechBunny,2,1,3
dev-matt,1,1,2
ItsMeMario1337,1,2,3
Rainbow_kitt,1,1,2
callmetotalshill,1,3,4
sketchmasterstudios,1,8,9
ChadderVox,1,1,2
notmouldyyet,1,2,3
Fid_Kiddler69,1,3,4
Lydiitti,1,4,5
Wildurple,1,1,2
singsing2107,3,4,7
_DEAL_WITH_IT_,9,1,10
dapperlemon,211,5,216
rendawg87,1,5,6
blablabl,1,1,2
Postmanpatt,1,1,2
jtmr11801,1,1,2
pontuwa,1,1,2
DavidSternMusic1979,1,1,2
Nokia_5230,2,1,3
Kingflares,2,1,3
Nsertnamehere,1,2,3
tost878,2,2,4
Legal-League-3259,1,1,2
socraticlad,1,2,3
TheBloomTalks,1,1,2
wtypstan,3,1,4
suspiciousbiography,1,2,3
WouldbeWanderer,11,4,15
6000ft,1,1,2
hundredacrewrist,1,1,2
MuhammadJim,1,1,2
thundermat0009,2,1,3
raylan1234,1,2,3
Recent_Cow1672,1,1,2
odwinc,3,1,4
CarbineBrainPlate916,1,4,5
llaea,4,2,6
Bee-A-Queen,2,1,3
curiousinglish,1,1,2
poopmast,1,3,4
RICHIEBRA5969,1,1,2
Thinkstorm94,1,3,4
Earth0fL0ve,3,6,9
Guard-Large,1,1,2
mcantrell,1,1,2
NoNefariousness7279,1,5,6
Knight_Alfa,7,1,8
SuperLuigiGamer85,1,1,2
BoredJournalist18,1,5,6
Asad_13,1,4,5
NXT_wasTaken,1,1,2
throwaway234234348,1,2,3
SpiritExtreme,1,1,2
tasteless,1,2,3
AmbitiousHedgehog313,1,19,20
Omnipotentbeing73,2,1,3
plentyofwhitepussy,1,1,2
cinemojo,1,1,2
fatheadfish-,1,2,3
jparekh73,1,1,2
nobleaks,2,1,3
slenderberg,1,1,2
Viva-La-Virgo,1,1,2
MrsTomWilson,1,1,2
Insidious-Ruin,1,1,2
Mars2k21,1,2,3
Professional_Aide499,1,1,2
alex-redacted,1,1,2
Project_Lude,2,1,3
Environmental_Map724,1,1,2
SePuedaHacerlo,1,1,2
ExcellentChallenge44,1,1,2
SFX1415,1,1,2
Lynmar13,1,1,2
kirso,1,1,2
lalaa_Ji,1,1,2
Fit-Trainer-141,1,3,4
janez_blond,1,1,2
darrelwarrenaz,1,1,2
PuterstheBallgagTsar,1,13,14
GarethX,2,1,3
Walk-False,1,1,2
Andy__Stutz,1,2,3
Phineas1500,1,2,3
TheRandomMagic,1,1,2
MonkSk8,3,1,4
TheTelegraph,7,7,14
HockeyDoc7,1,1,2
2xhenny,2,1,3
Muted_Sorts,1,56,57
thegram16,2,2,4
littercoin,1,1,2
r3hmantom,1,1,2
InternalEmergency480,1,1,2
jbourne71,2,2,4
signal,1,2,3
bocodad,1,3,4
Arnold_25,1,1,2
Relevant_Pin_2173,1,1,2
souvenir_of_canada,1,1,2
Jod1112,2,1,3
el_empty,2,1,3
mikaelus,2,1,3
Crafty-Emphasis7203,1,1,2
Pemulis,4,1,5
reinkefj,1,1,2
Mdan,5,1,6
azrielsuccubus,1,1,2
Klutzy_Strike5828,3,1,4
techonlineme,1,1,2
LeMonde_en,3,3,6
Accomplished_Force68,3,1,4
huntthehorizon,1,1,2
Cold-Caregiver-2711,1,1,2
Excellent_Comment_72,1,1,2
Reqboy,1,1,2
Constant-Hxstler,1,1,2
I_am_visibility,1,1,2
BiascicaLibbeccio,1,2,3
ElMarkuz,1,5,6
fbhtechinfo,1,2,3
ICumCoffee,10,4,14
Dramatic_Mixture_868,1,3,4
lanj_chiq,1,6,7
Confident-Cap-8100,1,3,4
JAMES_GmbH,1,1,2
aramakiscalzinov,1,2,3
flatbushzombiezz,1,1,2
B_B_a_D_Science,1,1,2
booboo-tiger,1,1,2
ro_musha,1,1,2
LiilKilleR,1,1,2
bpra93,13,3,16
Metastatic_Autism,1,4,5
Task_Force-191,1,1,2
allInOneBoy,1,1,2
Mello__Hello,2,7,9
Twinkies100,2,7,9
ilovekerma,1,1,2
Amazonexpress24,1,1,2
Junebugspade77,1,1,2
EagleEyeStx,1,2,3
GuyVonRope,1,1,2
mailingservers,1,1,2
Leprokracken,1,4,5
genix12,2,2,4
douglas9630,1,2,3
Healthy_Barber_761,1,1,2
silascole8,6,1,7
reelclasskona,10,1,11
imriskofrisko,1,1,2
yevraaah,4,1,5
Fabulous-Pineapple47,3,1,4
code_x_7777,1,1,2
techcouncilglobal,2,1,3
retardfull69,7,1,8
someguyrando,3,2,5
the_buddhaverse,1,7,8
editorijsmi,37,1,38
s3k2p7s9m8b5,3,1,4
dreezyforsheezy,1,2,3
Cataclysm-Nerd01,2,1,3
cornymentality57,1,1,2
lts_talk_about_it_eh,1,2,3
orionchocopies,2,1,3
thetech_learner,7,1,8
Pretend_Cookie7401,2,1,3
nykzhang,3,1,4
NuclearCodebreaker,1,2,3
Infamous_Fault3558,1,1,2
Global_Fondant7843,1,4,5
Anas7098,1,1,2
wagslane,3,1,4
Avoid_Minji,1,1,2
ps1AzSu6NG,1,4,5
ztgu,1,1,2
BYOGamingPC,1,1,2
Erik_Feder,10,2,12
endeesa,2,2,4
irenecalm,1,1,2
kg4jxt,1,2,3
Illustrious-Jury-845,1,4,5
grace1611,1,2,3
VincentPopov,1,5,6
0sculum3stm0rtis,1,3,4
davidwat,1,1,2
jamesj,1,11,12
Aozi,1,1,2
PlaneOk3184,1,2,3
NotDMsForLife,12,2,14
leakshare_org,1,1,2
rachidafr,1,3,4
lonewolf19-14,1,1,2
Aran-F,1,1,2
WeSmartCorp,1,1,2
DrNewah,4,1,5
simon_the_detective,1,4,5
_warm-shadow_,1,2,3
Far-Tree683,1,1,2
ThePurpleDeer2,1,1,2
PublicKnowledgeDC,2,2,4
Exact8282h,2,3,5
ObreroJimenez,1,3,4
AlphaWolfDesign,1,1,2
Media_Club,2,1,3
Business-Rush-5877,1,1,2
Mr_MadHat878,1,2,3
aizaz-zazii,1,1,2
Reddit_Mods_Are_Gey,2,36,38
WarAngel007,5,2,7
Brendon_Scott845,1,2,3
mattyjoe0706,2,1,3
TemporalSaiph,1,1,2
JimmyDeringerRealtor,1,1,2
ab8071919,1,1,2
Illustrious-Lynx3,1,1,2
chrisk2000,4,2,6
pablockchain_,1,1,2
skycatQQ,1,1,2
LynxWasChosen,1,1,2
yannisaderi,1,5,6
PuzzleheadedNotice7,1,2,3
AccumulationofWords,1,1,2
omg_im_so_litty_lol,1,1,2
DCGMechanics,2,1,3
friedfish6969,1,1,2
Creative_Habit_6868,2,1,3
OnlineCourage,1,9,10
yeendmum,1,1,2
poirot100,2,2,4
RandyFDT,2,1,3
astlouis44,4,2,6
expertleroy,1,1,2
ObviousDimension192,1,1,2
ReporterDiaries,1,2,3
science-raven,3,5,8
Bossman01,2,1,3
LorenzoLlamaass,1,1,2
notmythrowawayaccunt,1,13,14
AttitudeNational160,1,1,2
Tokyomonk,3,2,5
Error1272,1,1,2
haltiamreptar1222,1,2,3
Snoo81673,1,1,2
Defiant-Disaster1403,3,1,4
whole__sense,1,2,3
No_Cow1,6,1,7
iamrmc,1,1,2
iosmacapps,2,2,4
laul_pogan,1,2,3
ReclusiveEagle,1,1,2
RedMemoryy,1,1,2
UnpleasantEgg,1,1,2
otgaming13,2,1,3
Miles-tech,2,2,4
Zealousideal_Crazy46,1,1,2
redchili,2,1,3
RockyCreamNHotSauce,1,1,2
H16658050N,1,1,2
therealjimlove,3,2,5
DragonWarrior566,2,2,4
clickstream123,1,1,2
Lars9,1,3,4
hodlmymoon1,2,1,3
Back_of_the_Pack,1,1,2
Deepwebexplorer,1,1,2
logisnews,1,1,2
DastyVillainpotra,5,9,14
throwaway-rhombus,1,3,4
CWang,3,1,4
phonegears,2,4,6
DonkeyFuel,1,6,7
XVll-L,4,3,7
handanial,1,1,2
AdHoliday7862,1,1,2
Yoshi_Kong,1,1,2
ios-noob,1,1,2
eminhasanzadeh,3,1,4
gutty976,2,2,4
LookUpDonaldMarshall,1,2,3
jsgui,1,1,2
eggheadking,1,7,8
HispanicImmigrant,1,1,2
bitablackbear,1,1,2
Inevitable_Celery510,1,4,5
Flimsy-Reach4191,1,1,2
SemirAC,1,1,2
ItaSchlongburger,3,1,4
console-dot-log,1,1,2
ThesaurusRex84,1,1,2
rainywhy,1,2,3
ParrotMafia,2,2,4
bearssurfingwithguns,1,2,3
pacman0r,1,1,2
lifenvelope,1,2,3
HopefulLong1653,1,3,4
HarpuasGhost,7,1,8
radicaltronic,1,2,3
Alterstyle,1,1,2
Coin_Follow,1,1,2
moist-nostril,1,1,2
AtmanRising,1,1,2
runningman383827,1,1,2
TechNewVision,1,1,2
Successful-Sugar-246,1,2,3
nanofriction,2,1,3
signicent,2,1,3
Dynamics_20,2,1,3
wainsyindia,1,2,3
stardustprincssdgaf,1,1,2
nate_drezzz,1,1,2
schuey_08,2,3,5
mantha_anirudh,1,1,2
sebastienwebmaster67,1,1,2
jscooper22,1,1,2
xylempl,1,1,2
LumosDC,2,1,3
wejo_HQ,2,1,3
rarebrewer,1,1,2
geekteam6,7,1,8
Alternative-Bison615,1,1,2
gitlinuxpro,3,1,4
anonymoussthingss,2,1,3
Maximum-Tour3401,1,1,2
ShadowInvestors,1,1,2
aspirainspiration,1,1,2
markcartertm,10,1,11
vanilllaa,1,1,2
thirukkumaran29,2,1,3
avidjockey,1,1,2
Ghnewslive,1,1,2
Temporary-Housing875,1,1,2
fxckingrich,1,2,3
Gumballs2003,1,1,2
StrongInteraction594,10,1,11
JarredNomak,1,1,2
can_do_generation,1,1,2
NewsListDaily,1,1,2
khalmagman,8,1,9
BlitzOrion,8,1,9
mastorak,1,1,2
yeropinionman,1,1,2
SLUSounder,1,2,3
anjbotan,3,1,4
Pure_About,1,1,2
gentlehummingbird,1,1,2
Jeff-Galliot,1,1,2
mnrqz,1,1,2
EshaSawhney,1,1,2
SteinLaw,1,1,2
weareshiva,1,1,2
MilllzInThisBitch,1,2,3
currency100t,6,1,7
ayellowsky,1,1,2
dshen888,2,1,3
aPP_apprentic67,1,1,2
_zekiel,1,1,2
XipsAhoy_,1,1,2
JoshM_01,1,1,2
Runner_one,2,1,3
CDMT14JD,1,1,2
way2lazy2care,1,504,505
bartturner,83,1330,1413
_DeanRiding,3,537,540
elvenrunelord,3,138,141
CrowGrandFather,3,86,89
bitcheslovereptar,1,57,58
tyw7,105,127,232
Killerklown8212,1,6,7
Exastiken,503,40,543
mudman13,2,236,238
DEAF-LAMONT,11,13,24
thecommuteguy,1,192,193
Visualize_,1,26,27
HistoricalMagician17,1,4,5
turbodude69,1,157,158
Ironmike11B,1,24,25
BruntLIVEz,34,221,255
35quai,3,6,9
transtwin,1,5,6
Ganesha811,2,4,6
sanity,1,18,19
dethpicable,1,12,13
brokemc,1,1,2
lewiss15,1,1,2
ankermouse11,1,14,15
notNezter,5,16,21
ShinyBloke,1,62,63
Technology342,4,5,9
1991viet,8,4,12
suphater,1,52,53
T-rex_with_a_gun,1,24,25
Jjhammer31,1,29,30
BendyFry,1,8,9
digitalengineland,4,2,6
SinbadMarinarul,11,6,17
kaikoda,1,12,13
Sidwill,1,58,59
sighcf,54,110,164
WeAreMEL,1,15,16
nmpraveen,2,17,19
AndyIsNotOnReddit,1,27,28
Drahy,14,18,32
draoiliath,1,9,10
MEGALIGHTNINGTACO,1,5,6
ExploreTrails,1,24,25
1Cloudz9,1,12,13
vokiel,1,4,5
silverbax,1,43,44
vinayak_nair,2,1,3
manu_justice,1,14,15
Reindeer_Live,1,1,2
ReidFleming,1,3,4
sjwbollocks,2,8,10
CanonNobara,3,9,12
theatlantic,6,6,12
iNPUT-ACE,1,4,5
largesemi,1,25,26
Luka77GOATic,2,21,23
ummyaaaa,1,1,2
imitationcheese,1,1,2
MaiZa01,1,10,11
sri745,1,18,19
PeddarCheddar11,1,4,5
Amysumo,1,1,2
meowroarhiss,1,10,11
Profligatus,1,2,3
Jealous_Ad5849,1,35,36
ResponseLong9429,3,1,4
pobody-snerfect,14,33,47
Faps_With_Fury,1,7,8
Menoparte,1,3,4
GonjaNinja420,42,8,50
ChumbaWambah,2,8,10
rrab,1,5,6
isamson,12,8,20
j_o_h_n7,1,1,2
Explorer200,1,5,6
klj12574,1,6,7
JoyousCreeper,1,2,3
gurdijak,1,3,4
GroovyInvestments,2,1,3
mankls2,8,9,17
fergy80,1,5,6
EngineerSeb,2,3,5
LiviaSerrano,1,2,3
Malayadalja,3,2,5
messyp,1,1,2
wine-friend,1,6,7
jbrennan36,3,1,4
ioscompileryt,1,1,2
ajskillz,1,5,6
tyrannosauru,32,13,45
codingbooks,1,1,2
static-dragon,1,1,2
PhantomHeartBraker,2,8,10
Truth_Speaker_1,14,4,18
saanvipatel099,3,1,4
Darth_Kahuna,1,1,2
UBIFAF,1,1,2
lamykins,1,12,13
TheDigitalPrepper,1,3,4
Spunkie,1,2,3
jevonsen,7,5,12
DaddySkates,1,2,3
Yeethanos,1,1,2
EmperorOfNada,2,6,8
vladzhy,1,1,2
amanguupta53,2,2,4
PDXAudiophileGamer,1,1,2
TheSeekerAround,1,7,8
Character_Shift7439,1,1,2
yassmine-at,3,1,4
davesspacebar,1,1,2
b_buster118,2,1,3
ZenonTech,3,1,4
natalkamarina,2,2,4
3-1th-z-r,1,1,2
skudgee,1,1,2
humboldthunny22,1,1,2
EmotionalAd4657,1,1,2
leonardfournette392,1,1,2
myhairysac1,1,1,2
USWCboy,1,1,2
RedCarpetEvent,2,1,3
Maraging_steel,1,2,3
stytchz,1,1,2
4Ubybrybry,1,1,2
gujaratiraja,1,2,3
CircleBox2,1,1,2
ChirperChiara,4,2,6
Cylosmagic,1,1,2
DumbledazzJones,1,3,4
Shaviyax,1,1,2
Vardaan147,7,1,8
