author,subs_count,comments_count,total_count
AutoModerator,4,56074,56078
veritanuda,96,5334,5430
DarthBuzzard,14,4603,4617
littleMAS,24,3573,3597
aquarain,5,3183,3188
SgtDoughnut,1,2854,2855
Sorin61,2545,86,2631
drawkbox,26,2505,2531
DBDude,2,2454,2456
Wagamaga,2343,45,2388
NityaStriker,102,2059,2161
kry_some_more,1754,363,2117
1_p_freely,26,1976,2002
danielravennest,2,1916,1918
smokeyser,1,1488,1489
ImaginaryCheetah,2,1432,1434
chrisdh79,1050,369,1419
monchota,1,1416,1417
bartturner,83,1330,1413
pixl_graphix,1,1393,1394
damontoo,5,1358,1363
speckz,1337,11,1348
CrankyBear,1097,155,1252
beef-o-lipso,11,1127,1138
bitfriend6,19,1099,1118
absentmindedjwc,2,1102,1104
Hrmbee,447,630,1077
EmbarrassedHelp,82,970,1052
LigerXT5,1,1039,1040
Modest_Ubermensch,1,965,966
hexydes,1,958,959
xisde,3,911,914
wellifitisntmee,14,896,910
far-que,4,892,896
HaElfParagon,1,860,861
jrob323,6,849,855
InsertBluescreenHere,1,840,841
TbonerT,6,833,839
TheJadedSF,4,809,813
freediverx01,1,811,812
el_muchacho,3,737,740
do_you_even_ship_bro,50,689,739
Soupjoe5,211,527,738
BallardRex,4,728,732
DukkyDrake,15,708,723
EnterpriseNews_Elf,717,1,718
steroid_pc_principal,17,699,716
SUPRVLLAN,33,678,711
tickleMyBigPoop,9,693,702
a_Ninja_b0y,610,87,697
geoxol,690,2,692
cuteman,1,682,683
Ssider69,157,519,676
fatpat,1,672,673
Schiffy94,4,659,663
darkstarman,3,659,662
jeffinRTP,1,657,658
thatfreshjive,2,638,640
MyNameIsGriffon,358,279,637
moon_then_mars,2,630,632
passinghere,2,627,629
JeevesAI,22,591,613
thisispoopoopeepee,10,594,604
gex80,5,590,595
ShacksMcCoy,1,593,594
WTFwhatthehell,1,587,588
outwar6010,5,580,585
wewewawa,211,374,585
Philo1927,579,3,582
giuliomagnifico,535,44,579
LiberalFartsMajor,1,577,578
qtx,1,575,576
SmokeyShine,1,575,576
zacker150,1,564,565
Infamous_Yogurt2858,1,563,564
altmorty,314,238,552
SchwarzerKaffee,1,545,546
WhiteRaven42,2,543,545
Avieshek,68,476,544
Exastiken,503,40,543
_DeanRiding,3,537,540
marketrent,256,283,539
Loki-L,115,410,525
MightyH20,1,519,520
Neutral-President,1,516,517
McFeely_Smackup,1,513,514
BrokeMacMountain,2,510,512
way2lazy2care,1,504,505
vriska1,44,456,500
ourlifeintoronto,493,3,496
GD_Bats,1,493,494
cpt_caveman,1,493,494
Realistic-Duck-922,4,489,493
upyoars,278,203,481
BloodyIron,1,479,480
Vailhem,446,28,474
chalbersma,2,466,468
iushciuweiush,1,460,461
gerd50501,1,458,459
max1001,1,457,458
vanhalenbr,15,441,456
btc_has_no_king,34,419,453
asparegrass,1,452,453
DukeOfGeek,5,446,451
SpotifyIsBroken,8,438,446
infodawg,3,442,445
GetOutOfTheWhey,1,439,440
ImUrFrand,2,438,440
FrozenMrPotato,1,434,435
MortWellian,206,226,432
powercow,5,427,432
Feynt,1,430,431
Ancient_Persimmon,2,428,430
Wh00ster,3,426,429
ISAMU13,1,428,429
Martholomeow,1,426,427
GhostofDownvotes,1,420,421
Carbidereaper,1,414,415
rickk79,12,403,415
cat_prophecy,1,412,413
sirbruce,1,411,412
vasilenko93,1,411,412
DownshiftedRare,5,399,404
8to24,1,403,404
yokotron,1,402,403
Esc_ape_artist,1,396,397
RazekDPP,2,392,394
jimbo831,3,391,394
Hyperion1144,23,368,391
Butterbuddha,1,388,389
S4T4NICP4NIC,1,387,388
twistedLucidity,9,368,377
whatweshouldcallyou,1,374,375
Torifyme12,3,371,374
thatblbc,2,371,373
mingy,1,371,372
WexfordHo,11,357,368
CreativeCarbon,1,366,367
Boo_Guy,4,360,364
Ftdffdfdrdd,3,359,362
dbxp,2,357,359
Seaniard,1,357,358
benh999,231,122,353
distantapplause,1,352,353
Daniel15,1,349,350
neon_overload,2,348,350
Leprecon,2,347,349
tvfanatic1337,1,348,349
HeartyBeast,10,336,346
jormungandrsjig,76,270,346
Agelmar2,1,343,344
mustyoshi,1,343,344
RverfulltimeOne,1,342,343
rustyseapants,7,333,340
gullydowny,5,335,340
habichuelacondulce,282,56,338
00DEADBEEF,3,334,337
txstoploss,1,335,336
im-the-stig,107,228,335
roo-ster,1,330,331
HotTakes4HotCakes,1,329,330
Oscarcharliezulu,1,328,329
Mynameis__--__,307,19,326
GhostalMedia,4,322,326
psychothumbs,124,200,324
MichaelMyersFanClub,2,321,323
bighi,1,319,320
DragonSided-D,1,316,317
benderunit9000,1,315,316
Defiant_Race_7544,303,13,316
IAmTaka_VG,3,313,316
farleftkeepgoing,1,313,314
AAVale,2,308,310
arandomsadredditor,1,309,310
Winners_History,1,308,309
DanteJazz,2,307,309
braiam,1,306,307
Gagarin1961,3,304,307
BravoCharlie1310,2,304,306
Pessimist2020,274,30,304
nirad,3,301,304
teh_maxh,3,299,302
InternetArtisan,1,301,302
Clevererer,1,301,302
StrngBrew,5,296,301
bronyraur,1,300,301
Pacifistering,3,297,300
thatfiremonkey,96,203,299
jphamlore,2,297,299
ben7337,1,297,298
AREssshhhk,3,293,296
moeburn,1,295,296
BalticsFox,237,58,295
dont_forget_canada,4,291,295
droivod,2,292,294
PandaCheese2016,1,292,293
Rebelgecko,1,291,292
bengringo2,1,290,291
Nethlem,2,287,289
janjinx,62,226,288
OffgridRadio,2,285,287
zsreport,173,114,287
DrinkMoreCodeMore,34,251,285
hzj5790,201,83,284
elister,11,272,283
Trax852,1,282,283
PingPongPizzaParty,1,282,283
Test19s,3,278,281
somanyroads,1,273,274
noorbeast,11,263,274
DanTheMan827,24,248,272
SleepDeprivedUserUK,1,270,271
escapedfromthecrypt,1,270,271
trisul-108,6,263,269
pickleer,1,268,269
#NAME?,1,268,269
roundearthervaxxer,2,266,268
Crimbobimbobippitybo,4,264,268
lightningsnail,1,265,266
JKJ420,1,265,266
chakan2,1,263,264
shubhbadonia,150,113,263
redhatGizmo,253,8,261
WIbigdog,1,260,261
imgprojts,1,259,260
talley89,1,258,259
ovirt001,1,257,258
SomethingMatter,1,257,258
hugglenugget,23,235,258
MicroSofty88,164,93,257
WannoHacker,217,39,256
quixotic_cynic,72,183,255
BruntLIVEz,34,221,255
naugest,2,252,254
mayurbhattseo,251,3,254
darkstriders,4,249,253
Crack_uv_N0on,6,245,251
throwaway_ghast,4,247,251
ShinePale,1,250,251
savedelete_,245,3,248
Diplomjodler,2,244,246
InadequateUsername,5,238,243
wrath0110,4,237,241
mcbergstedt,1,240,241
teh_fizz,1,240,241
rugbyj,2,238,240
matts1,1,239,240
parentheticalobject,2,237,239
Circlemadeeverything,1,237,238
gothlaw,3,235,238
mudman13,2,236,238
Due-Resident-4588,2,235,237
use_vpn_orlozeacount,10,225,235
JustWhatAmI,1,234,235
7eregrine,1,232,233
tyw7,105,127,232
eggimage,1,229,230
TuvixWasMurderedR1P,1,228,229
__Hello_my_name_is__,2,226,228
Drakonx1,1,226,227
Farranor,1,226,227
s1ngular1ty2,5,222,227
fail-deadly-,2,224,226
bombombay123,1,224,225
foundafreeusername,1,221,222
Shogouki,18,202,220
FeckThul,1,219,220
Accomplished-Tap3353,206,13,219
tiptoeintotown,1,217,218
makemejelly49,1,217,218
Majnum,196,21,217
chrisarchitect,175,42,217
cambeiu,28,189,217
Drfakenews,2,215,217
bored_in_NE,6,210,216
blueSGL,1,215,216
DRKMSTR,1,215,216
DoomGoober,1,215,216
dapperlemon,211,5,216
poke133,3,212,215
GeneralZaroff1,3,212,215
PoopnEvryDay,3,212,215
oxjox,1,214,215
GenjaiFukaiMori,1,214,215
AmericasComic,35,179,214
BL4CK-S4BB4TH,1,213,214
n1ght_w1ng08,196,18,214
AtheistGuy1,2,211,213
Macinzon,11,202,213
HeroldMcHerold,106,106,212
SsiSsiSsiSsi,1,211,212
digiorno,1,210,211
Mastr_Blastr,1,210,211
BronzeHeart92,6,205,211
ExternalUserError,3,207,210
another-masked-hero,4,206,210
hibearmate,9,200,209
_PM_ME_PANGOLINS_,4,205,209
elegance78,1,207,208
nextbern,7,201,208
SparkStormrider,6,200,206
PatSaidJack,1,205,206
0KdQ6,4,200,204
LongjumpingMonitor32,1,202,203
hwmpunk,1,202,203
katiecharm,1,202,203
thinkB4WeSpeak,143,60,203
ajt9000,1,200,201
collin3000,1,199,200
lokitoth,1,199,200
Inquisitive_idiot,1,199,200
EverthingsAlrightNow,29,170,199
sign_up_in_secondss,2,196,198
temporarycreature,36,162,198
Phnrcm,3,195,198
Sir_Bumcheeks,2,195,197
abe_froman_skc,1,196,197
jabberwockxeno,11,186,197
Jeheh,1,196,197
ChuckChuckelson,2,194,196
thecommuteguy,1,192,193
Zinziberruderalis,7,184,191
BergaGaming,1,189,190
mepper,184,5,189
Blackadder_,1,187,188
Odusei,1,186,187
Zhukov-74,66,120,186
fchung,168,18,186
thedarklord187,1,185,186
jeerabiscuit,1,184,185
Meatwad650,1,184,185
nomadofwaves,1,184,185
pavlik_enemy,1,184,185
d01100100,2,181,183
meatballsinsugo,18,164,182
irving47,1,181,182
ImVeryOffended,1,180,181
maluminse,1,179,180
afterburners_engaged,3,176,179
eigenman,2,176,178
Chispy,17,161,178
sammythepiper,122,55,177
i010011010,1,176,177
FlatAssembler,1,175,176
eldedomedio,1,174,175
Riversntallbuildings,2,173,175
circumtopia,2,172,174
sikjoven,1,172,173
LiCHtsLiCH,1,172,173
turtle4499,1,171,172
DRM2_0,2,170,172
RollingTater,2,169,171
herewego199209,1,170,171
c0mad0r,1,169,170
Rogaar,1,169,170
Greyhuk,2,167,169
emotionalfescue,2,167,169
beareatsfish,24,144,168
spacepeenuts,1,167,168
pale_blue_dots,3,165,168
BattdPlayer,4,163,167
xSikes,1,166,167
AWF_Noone,1,166,167
johnnychan81,19,148,167
grumpyfrench,1,165,166
what51tmean,1,165,166
shotgun_ninja,1,165,166
wayanonforthis,1,165,166
redingerforcongress,20,145,165
uptwolait,1,164,165
StuffyGoose,35,130,165
aussie_bob,3,161,164
MiloGoesToTheFatFarm,1,163,164
FarceMultiplier,1,163,164
PolyDipsoManiac,1,163,164
taptapper,5,159,164
themimeofthemollies,25,139,164
sighcf,54,110,164
CressCrowbits,1,162,163
5boros,1,162,163
mutatron,1,161,162
draemn,1,161,162
polarbark,1,161,162
Epistaxis,4,158,162
MilkChugg,1,161,162
TimeFourChanges,1,161,162
HotNastySpeed77,1,160,161
vanilla_coffee,12,149,161
HorseRadish98,1,159,160
saintmsent,7,153,160
swingadmin,130,30,160
aardw0lf11,1,158,159
RagingAnemone,1,158,159
SyrioForel,2,156,158
twitchosx,1,157,158
trackofalljades,3,155,158
turbodude69,1,157,158
BobBelcher2021,2,155,157
ProgsRS,18,139,157
Norsebeliever,2,154,156
Doener23,151,5,156
jeffreyd00,4,150,154
AerialDarkguy,13,141,154
Kanye-is-alt-right,1,153,154
Projectrage,8,146,154
Thac0,1,152,153
ElysiumSprouts,1,152,153
JohnnyFootballHero,3,150,153
b_poppapump,2,150,152
RobotFisto,1,151,152
ThePowderhorn,1,151,152
sevenandwater,1,151,152
ReginaMark,6,145,151
Blarghnog,1,149,150
Ill-Poet-3298,1,149,150
iamwhatswrongwithusa,1,149,150
bolteon593,1,148,149
Saltedline,144,5,149
Drewy99,1,148,149
mrstipez,7,141,148
sector3011,21,127,148
NasoLittle,1,147,148
F_D_P,12,136,148
OutlandishnessOk2452,107,40,147
chairitable,2,145,147
BurstYourBubbles,144,2,146
LeBoulu777,50,95,145
NitroLada,10,135,145
Agelaius-Phoeniceus,2,143,145
RevRagnarok,3,142,145
DragonfruitOdd1989,22,123,145
Bourbzahn,1,143,144
sheepsleepdeep,1,143,144
ritesh808,2,142,144
rourobouros,2,141,143
dontloseyourway1610,3,140,143
creaturefeature16,6,137,143
ArcherBoy27,1,141,142
nosotros_road_sodium,70,72,142
Duckbilling,1,141,142
propperprim,60,82,142
newsflashjackass,5,137,142
dan1101,1,141,142
BousWakebo,96,46,142
BornInTheUSSA,2,139,141
MT_Flesch,5,136,141
COMPUTER1313,29,112,141
Witty-Village-2503,10,131,141
elvenrunelord,3,138,141
ContextSwitchKiller,1,139,140
atiteloviadeci,20,120,140
chingy1337,1,138,139
DelphiCapital,2,137,139
bhdp_23,1,138,139
killer_cain,1,138,139
niftgen,2,136,138
miaumee,1,137,138
Stiltonrocks,19,119,138
desertfoxz,14,124,138
Birdy_Cephon_Altera,2,136,138
jugosIoven,1,137,138
#NAME?,1,137,138
RuairiSpain,2,135,137
shillyshally,1,136,137
PlankOfWoood,1,136,137
eviltwintomboy,15,122,137
GOR098,27,109,136
green_tea_bag,1,135,136
Fruhmann,1,135,136
moxyte,18,117,135
Strange_Tell_8508,12,123,135
Martipar,11,124,135
thatirishguy0,3,131,134
thedukeofflatulence,1,133,134
Fit-Satisfaction7831,1,133,134
ejpusa,8,125,133
PeruvianHeadshrinker,1,132,133
samplestiltskin_,27,106,133
Puzzleheaded_Basil13,55,77,132
Guns_or_Buttered,2,130,132
spainguy,43,88,131
Cascading_Neurons,34,97,131
impishrat,64,67,131
Donghoon,1,130,131
MyNameCannotBeSpoken,7,124,131
MuhammadIsAPDFFile,9,121,130
GuiGeeKang,1,129,130
FartFragrance,1,129,130
be0wulfe,2,128,130
Shredding_Airguitar,1,129,130
Rizizdead,1,129,130
NainarB,28,101,129
Tao_Dragon,127,2,129
DJDarren,2,127,129
ChristmasMint,1,128,129
Newguyiswinning_,1,128,129
DragonPup,17,111,128
EddieStarr,1,127,128
rantus,4,124,128
DirtyProjector,1,127,128
kaips1,1,127,128
Logan_Mac,29,99,128
not-tidbits,2,125,127
pipsdontsqueak,71,56,127
yenachar,4,123,127
Infuryous,1,126,127
limache,49,77,126
ScottColvin,1,125,126
gin_and_toxic,2,124,126
EthosPathosLegos,1,125,126
raven080068,9,117,126
MSGRiley,1,125,126
rookie-mistake,8,118,126
designerfx,1,125,126
leif777,1,124,125
semitones,1,124,125
MinderBinderCapital,2,123,125
Veldron,20,105,125
nxthompson_tny,123,2,125
divertiti,3,121,124
joeg26reddit,1,123,124
Eurynom0s,12,112,124
penguinopusredux,23,101,124
slayer991,3,120,123
ThatOneGuy1294,1,122,123
Mcnst,45,78,123
diamened,2,121,123
angiosperms-,1,122,123
Dugen,1,121,122
__ARMOK__,2,120,122
PastTense1,5,117,122
rob1969reddit,1,121,122
agent_vinod,77,44,121
madmax_br5,1,120,121
The-Dark-Jedi,2,119,121
cj927,119,1,120
monkeywhaler,29,91,120
Morty_A2666,2,118,120
realjoeydood,1,119,120
chirruphowlinkeeaahh,63,57,120
PressFforAlderaan,1,118,119
jonbristow,1,118,119
giltwist,1,118,119
Abhi_mech007,91,28,119
GoMx808-0,116,3,119
quikfrozt,2,116,118
TheMildEngineer,106,12,118
chance--,1,116,117
badger707_XXL,111,6,117
archontwo,10,107,117
39816561,51,66,117
Shyatic,1,115,116
Nergaal,2,114,116
qwerty12qwerty,2,113,115
pdp10,7,108,115
sylver_dragon,1,114,115
maniaq,3,112,115
ChiggaOG,2,113,115
IdesOfMarchCometh,3,112,115
xelop,1,113,114
Hailtothething,2,112,114
ryosen,4,110,114
VanillaLifestyle,1,113,114
maki23,86,27,113
itwas1971,1,112,113
ev3rm0r3,1,112,113
zipdiss,1,111,112
snowdrone,1,111,112
krazyjakee,1,111,112
Successful-Bee-2492,63,48,111
oDDmON,5,106,111
wreakon,1,110,111
LolaHunt,24,87,111
bboyjkang,12,98,110
Sir-Mocks-A-Lot,1,109,110
Dakhil,75,35,110
m0ondoggy,1,109,110
this_dudeagain,1,109,110
silence7,30,79,109
maximusraleighus,1,108,109
Sinity,1,107,108
ShadowController,5,103,108
TheLordB,1,107,108
s_y_s_t_e_m_i_c_,29,79,108
cryptictesticles,58,50,108
braflys,2,105,107
miso25,87,20,107
Peteostro,2,105,107
Elranzer,1,106,107
DJ_Crunchwrap,2,104,106
Time-Opportunity-436,1,105,106
realguiders,102,4,106
bihari_baller,2,104,106
sidcool1234,104,2,106
Eudaimonics,7,98,105
whicky1978,40,65,105
AvatarIII,1,104,105
NotYourSnowBunny,2,103,105
treetyoselfcarol,60,45,105
Abscess2,91,14,105
SwaggerSaurus420,1,104,105
VulcanHades,1,104,105
0x1a3c3e7,1,104,105
abnmfr,1,104,105
AnukkinEarthwalker,1,104,105
Corbulo2526,4,101,105
old-hand-2,2,102,104
JimBean,1,103,104
lightninhopkins,4,100,104
rawling,2,102,104
manual_tranny,69,34,103
half-spin,1,102,103
PersonBehindAScreen,1,102,103
ijustsaynotoyou,1,102,103
huhIguess,1,102,103
Smash_4dams,1,102,103
Master-Piccolo-4588,2,101,103
tajsta,1,102,103
BiscuitOfGinger,90,13,103
Dawzy,1,101,102
IanMazgelis,1,101,102
doggywoggy101,2,100,102
stinkerb,4,97,101
casc1701,1,100,101
Pay08,1,100,101
mr_rouncewell,2,99,101
LeftJoin79,1,99,100
2SK170A,1,99,100
ChickenTeriyakiBoy1,97,3,100
RedditButDontGetIt,1,99,100
getBusyChild,13,87,100
jdolbeer,2,98,100
GetTold,2,97,99
zxyzyxz,5,94,99
DoremusJessup,96,3,99
357FireDragon357,1,97,98
Boatsnbuds,1,97,98
camdoodlebop,1,97,98
human-no560,11,87,98
LudovicoSpecs,2,96,98
TheFuzziestDumpling,1,96,97
ItchyThunder,1,96,97
vinniepearl,1,96,97
StatisticaPizza,1,96,97
thenewyorkgod,1,95,96
College_Prestige,22,74,96
aryvd_0103,1,95,96
iliketurkeys1,4,92,96
JohnDoe_2408,1,95,96
user4517proton,1,95,96
NtheLegend,1,95,96
FenrirIII,13,83,96
CodeDinosaur,31,64,95
RespectTheTree,1,94,95
pecika,65,30,95
goran7,76,19,95
sbos_,1,94,95
Last-Caterpillar-112,22,73,95
juptertk,1,94,95
anonk1k12s3,1,93,94
BigRed323,1,93,94
drakesylvan,1,93,94
TaxOwlbear,1,93,94
hoppeeness,1,93,94
TotalCharcoal,1,93,94
cyberg00n,9,84,93
Kevin-W,2,91,93
PPAU_official,1,92,93
A-Delonix-Regia,10,83,93
bobbyw24,92,1,93
DoctorExplosion,2,91,93
HPCBusinessManager,1,91,92
Lost_Bathroom_7203,1,91,92
Picture-unrelated,8,84,92
Drakotrite,1,91,92
Paul_Ostert,2,89,91
RepresentativeKeebs,1,90,91
the_buckman_bandit,1,90,91
rhino910,1,90,91
tiffanylan,1,90,91
VehicleNegative,1,90,91
Hiranonymous,2,89,91
astar48,1,90,91
happysmash27,2,88,90
ohlaph,2,88,90
UnleashFun,26,64,90
Sumit316,84,6,90
Riven_Dante,2,88,90
cats-with-mittens,1,89,90
paxinfernum,4,86,90
matali,3,87,90
fredericksonKorea,1,89,90
spook30,8,82,90
Mortwight,1,89,90
DocMoochal,1,89,90
happytree23,2,88,90
Silk_Hope_Woodcraft,1,88,89
filip_mate,6,83,89
LouQuacious,1,88,89
Qlanger,1,88,89
jamughal1987,1,88,89
eatingbunniesnow,17,72,89
thebelsnickle1991,72,17,89
CrowGrandFather,3,86,89
blindedbyhindsight,1,87,88
JRepin,86,2,88
NotErikUden,2,86,88
JRWoodwardMSW,5,83,88
Black_Magic_M-66,1,87,88
HLMenckenFan,57,31,88
maxito98,9,78,87
EntertainerWorth,1,86,87
standup-philosofer,1,86,87
rebbsitor,1,86,87
Greg-2012,1,86,87
AmHoomon,1,86,87
4Wf2n5,2,85,87
PrawnTyas,1,86,87
12358,2,85,87
PathToExile,1,86,87
08830,85,2,87
_G_M_E_,2,85,87
zztop610,3,84,87
sexykafkadream,1,86,87
sonicking12,3,84,87
immersive-matthew,1,85,86
julius_sphincter,1,85,86
hillarioushillary,16,70,86
QuicklyThisWay,46,40,86
paulfromatlanta,2,84,86
worriedshuffle,1,85,86
daveyhanks93,1,85,86
Cheeky_Star,1,85,86
DesertAlpine,1,84,85
badwolf42,2,83,85
bhodrolok,74,11,85
Significant_Blood945,1,84,85
grenwood,1,83,84
LoudMusic,1,83,84
VengenaceIsMyName,3,81,84
nalgene_wilder,1,83,84
ekkidee,1,83,84
DJanomaly,1,83,84
Never-asked-for-this,1,83,84
Yogurt789,68,16,84
Dregenfox,6,78,84
Swampberry,1,83,84
NegotiationFew6680,2,82,84
Mirokira,1,83,84
VedantGogia,76,8,84
gilligvroom,1,82,83
raresaturn,3,80,83
TazerPlace,1,82,83
tapo,7,76,83
paulfdietz,1,82,83
BlatantConservative,1,82,83
echisholm,1,82,83
kagethemage,2,81,83
_HMCB_,1,81,82
TradingAllIn,75,7,82
fubes2000,1,81,82
Hypx,32,49,81
RunRevolutionary9019,1,80,81
iamsuperflush,1,80,81
Sea_Guava6513,17,64,81
kozmo1313,1,80,81
UrbanAbsconder,2,79,81
willywalloo,1,79,80
Portalrules123,6,74,80
iamapizza,5,75,80
PuzzleMeDo,1,79,80
Tony49UK,1,79,80
redditismyfriend1373,2,78,80
gthing,1,79,80
dtantono,1,79,80
PraiseGod_BareBone,4,76,80
kungfoojesus,1,79,80
flicter22,3,77,80
MysteryInc152,1,79,80
jimbo92107,1,79,80
Moolooman2000,2,78,80
AsslessBaboon,52,28,80
eaglebtc,2,77,79
farqueue2,1,78,79
PabstyLoudmouth,1,78,79
psychedoutcasts,1,78,79
RoboNyaa,1,78,79
vishalnegal,6,73,79
BraidRuner,1,78,79
rosesandtherest,5,74,79
twitterfluechtling,1,78,79
Racoonie,1,77,78
pier4r,1,77,78
Chaserivx,1,77,78
joj1205,1,77,78
jasonefmonk,3,75,78
Extreme_Address7043,3,75,78
DavidJAntifacebook,3,75,78
JannTosh12,57,21,78
SIEGE9,5,73,78
baronvoncommentz,1,77,78
johnwayne2413,8,70,78
NovaS1X,1,76,77
asso19,3,74,77
seven_seven,1,76,77
AshingKushner,1,76,77
TipTapTips,1,76,77
vxx,1,76,77
DarkWasp14,2,75,77
Dan-in-Va,1,76,77
ShadowBannedAugustus,2,75,77
221missile,10,66,76
CockGoblinReturns,1,75,76
uselessadjective,1,75,76
LightRefrac,3,73,76
wallacebrf,1,75,76
Ok-Safe-981004,2,74,76
ecstatic_cynic,1,75,76
CuriousMan100,2,74,76
GL4389,33,43,76
Mront,10,66,76
TheGetUpKid24,1,75,76
longest-Username,1,74,75
consultinglove,1,74,75
Iuse_arch_btw,2,73,75
irkli,4,71,75
bionic_zit_splitter,1,74,75
goki7,58,17,75
Airlineguy1,1,74,75
Ephemeris,2,73,75
T1mac,3,72,75
Wooshio,1,73,74
jack-K-,1,73,74
acctexe,1,73,74
utkarsh_aryan,2,72,74
small44,11,63,74
Bulky-Mark315,27,47,74
PuzzlePlankton,2,72,74
nastratin,44,30,74
workingatthepyramid,1,73,74
aaabigwyattmann2,2,72,74
poopyheadthrowaway,1,72,73
mr_tyler_durden,1,72,73
honey_rainbow,3,70,73
sankscan,51,22,73
Sweep145,71,2,73
Captain-Technology,61,12,73
True_Sea_1377,1,72,73
DangerStranger138,15,58,73
Gazwa_e_Nunnu_Chamdi,14,59,73
GenocideOwl,1,72,73
userlivewire,1,71,72
werdmouf,1,71,72
P2PJones,1,71,72
didimao0072000,1,71,72
PBR--Streetgang,20,52,72
dreadpiratewombat,8,64,72
The1stCitizenOfTheIn,39,33,72
DutchBlob,1,71,72
Jedistro,50,22,72
Franco1875,38,34,72
lostaccountby2fa,1,70,71
yolo3558,1,70,71
cayneabel,2,69,71
purplepride24,1,70,71
Your-Doing-It-Wrong,2,69,71
80cartoonyall,1,70,71
pfaccioxx,20,51,71
digital_angel_316,3,68,71
skanderbeg7,1,70,71
BiteSizeRudy,1,70,71
enty6003,1,70,71
Technocrates_,2,69,71
Der_Missionar,6,65,71
Globalboondocker,2,68,70
DFSniper,1,69,70
ouatedephoque,1,69,70
AntiTrollSquad,2,68,70
Hrspwrz,1,69,70
AhmedF,14,56,70
Reigncity2012,2,68,70
Realtrain,1,69,70
merien_nl,3,67,70
LaserGadgets,1,68,69
SkynetEngineer,2,67,69
cleattjobs,4,65,69
IHate2ChooseUserName,7,62,69
erm_what_,1,68,69
KandiKane459,1,68,69
Devils_doohickey,66,3,69
francohab,1,68,69
FlingingGoronGonads,8,61,69
prehistoric_knight,64,5,69
greenfuelunits,34,35,69
Cattaphract,1,68,69
AndyJack86,4,65,69
Nautisop,1,67,68
MrOaiki,2,66,68
dabocx,1,67,68
rainbowarriorhere,50,18,68
trillospin,1,67,68
luxdesigns,1,67,68
skpl,1,67,68
Lilyo,41,27,68
da96whynot,5,63,68
TakeOffYourMask,3,65,68
fungussa,7,60,67
doives,1,66,67
rekabis,1,66,67
EOE97,3,64,67
Bizzle_worldwide,1,66,67
chalk46,1,66,67
dwittherford69,4,63,67
tester989chromeos,10,56,66
capybooya,1,65,66
smeggysmeg,7,59,66
SatisfactionNaive370,3,63,66
Spacey42069,3,63,66
scott_steiner_phd,12,54,66
uberfission,1,65,66
HVPhoto,1,65,66
inspiredby,1,65,66
majnuker,1,65,66
DonaldWillKillUsAll,64,2,66
robywar,1,65,66
141_1337,2,64,66
pomod,3,63,66
Agent_03,2,64,66
joey0314,1,64,65
notyouraveragefag,1,64,65
SPorterBridges,1,64,65
Vucea,37,28,65
LookAtThatBacon,12,53,65
scuczu,1,64,65
IMA_Catholic,2,63,65
Actual-Ad-7209,2,62,64
Chobeat,2,62,64
Renxer0002,58,6,64
ursiwitch,1,63,64
TethlaGang,1,63,64
Redd868,1,63,64
AeonDisc,1,63,64
stesch,2,62,64
walter_midnight,1,63,64
ryraps5892,1,63,64
nanoH2O,1,63,64
tycooperaow,9,55,64
ardi62,8,56,64
Vidco91,4,60,64
elcrack0r,1,63,64
Roanhouse,5,59,64
ShortPutAndPMCC,9,55,64
theprodigalslouch,1,63,64
riskable,1,63,64
NeoIsJohnWick,11,52,63
ChasingTheCoyote,62,1,63
MiamiPower,23,40,63
sylvaing,3,60,63
DownBadddddd,1,62,63
Weary-Depth-1118,3,60,63
mycall,1,62,63
BlueTeamTV,1,62,63
fookhar,1,62,63
renome,4,59,63
TheEvilGhost,13,50,63
mazdakite2,6,57,63
ShinyBloke,1,62,63
richh00,1,61,62
yourmomisdtf,2,60,62
electromagneticpost,1,61,62
Parking_Attitude_519,50,12,62
bored_curator,51,11,62
BossCrabMeat,3,59,62
Pick2,1,61,62
Nextasy,1,61,62
14159548210,4,58,62
lori_lightbrain,2,60,62
ManOfLaBook,1,60,61
rokaabsa,2,59,61
Lilatu,1,60,61
RunnBunnyRunn,1,60,61
hi9580,24,37,61
bruce656,1,60,61
DataIsMyCopilot,1,60,61
pcurve,3,58,61
DrVagax,1,60,61
ThrawnGrows,2,59,61
hideogumpa,1,60,61
Omnitographer,1,60,61
WallStreetDoesntBet,41,20,61
Nicolas-matteo,29,32,61
sighbourbon,1,59,60
RobertAPetersen,5,55,60
chemicalsam,2,58,60
Madbrad200,6,54,60
Mahameghabahana,5,55,60
thymeraser,2,58,60
Friorgh,1,59,60
wart365,3,57,60
Mortico,1,59,60
HinaKawaSan,2,58,60
VisualBizMark,1,59,60
grapesinajar,1,59,60
hcsLabs,1,59,60
dgdio,1,59,60
Landsil,1,58,59
96suluman,11,48,59
0neday2soon,1,58,59
IIdsandsII,1,58,59
spamholderman,1,58,59
hazysummersky,1,58,59
hands_can,2,57,59
sheeeeeez,4,55,59
bel2man,4,55,59
SarahMagical,1,58,59
homothebrave,49,10,59
aboycandream,1,58,59
0wed12,2,57,59
NullVoidPointer,1,58,59
Patrick26,1,58,59
beermad,1,58,59
iAmTheHYPE-,2,57,59
extra_rice,1,58,59
OhYeahTrueLevelBitch,3,56,59
akrobert,1,58,59
Brook030,48,11,59
Sidwill,1,58,59
_hiddenscout,48,10,58
BlankVerse,30,28,58
MassiveStunner,1,57,58
Im_not_JB,5,53,58
-The-Bat-,4,54,58
LunacyNow,3,55,58
BikkaZz,26,32,58
gwillicoder,1,57,58
hawaiijim,1,57,58
omgftrump,1,57,58
-protonsandneutrons-,7,51,58
VashStamp3de,1,57,58
bitcheslovereptar,1,57,58
WhereAreYouGoingDad,2,55,57
Albion_Tourgee,22,35,57
Budjucat,1,56,57
PurpleNurpe,1,56,57
RegressToTheMean,1,56,57
Lighting,2,55,57
prixb,47,10,57
notickeynoworky,1,56,57
Elastichedgehog,1,56,57
Dont-know-you,1,56,57
Xeon-T,1,56,57
nastyjman,25,32,57
BroderzYt,49,8,57
Muted_Sorts,1,56,57
CatsOnTheKeyboard,3,53,56
Motor-Ad-8858,46,10,56
Strider755,3,53,56
Massimo24ore,17,39,56
Esset_89,1,55,56
technofuture8,1,55,56
Startrail_wanderer,3,53,56
Slobotic,1,55,56
depressedloserxd,49,7,56
ReadditMan,1,55,56
RetinaJunkie,1,55,56
MysteryFlavour,1,55,56
smode21,53,3,56
Chance_Ad1692,1,55,56
No_Butterscotch8504,2,54,56
zoddrick,1,54,55
urielsalis,1,54,55
rb3po,1,54,55
RevolutionaryG240,1,54,55
rbevans,15,40,55
VerbotenVerb,1,54,55
RealTexasJake,1,54,55
FatFreddysCoat,3,52,55
cannibalwendy,7,48,55
rcmaehl,4,51,55
Enough_Ladder9623,1,54,55
CMScientist,4,51,55
Gberg888,1,54,55
Risay117,3,52,55
danellender,2,52,54
TheMacMan,2,52,54
b5081,1,53,54
jlpcsl,48,6,54
V-Right_In_2-V,1,53,54
Kozzle,1,53,54
ZalmoxisRemembers,1,53,54
ArthurWintersight,1,53,54
slartzy,2,52,54
Exact_Quote_6132,3,51,54
morenewsat11,19,35,54
Iridefatbikes,1,53,54
sign_up_in_second,1,53,54
davidwholt,52,2,54
drecklia,1,53,54
Roland_Zakalwe,1,53,54
signed7,15,39,54
AlexanderDaychilde,1,53,54
PetyrDayne,31,23,54
tswiftdeepcuts,1,53,54
Yeazelicious,2,51,53
per08,1,52,53
Honeybadger0001,11,42,53
science_is_Iife,37,16,53
DesolateShinigami,3,50,53
SAT0725,23,30,53
PeteWenzel,10,43,53
WinterStar38655,1,52,53
mangofizzy,1,52,53
anonttt,1,52,53
suphater,1,52,53
Fromfame,1,51,52
36gianni36,1,51,52
balne,1,51,52
financialtimes,29,23,52
LunaMunaLagoona,1,51,52
admiralhipper,1,51,52
noobgolang,1,51,52
JEDIJERRYFTW,2,50,52
jhansonxi,1,51,52
Dr_Midnight,1,51,52
Prunestand,15,37,52
CorporateSympathizer,11,41,52
ethereal3xp,16,36,52
Exostrike,2,50,52
yolofreeway,6,46,52
Zee2A,7,45,52
roamn,1,51,52
Rear-gunner,4,48,52
BlueMANAHat,3,49,52
asteriskspace,51,1,52
BenDes1313,1,50,51
technosaur,1,50,51
barzbub,1,50,51
cool-beans-yeah,1,50,51
RootHouston,1,50,51
BlueWhoSucks,1,50,51
TommiH,1,50,51
SteelerSuperFan,2,49,51
HeyCharrrrlie,1,50,51
ilikecakenow,1,50,51
je97,12,39,51
evanFFTF,36,15,51
JumpinKing,46,5,51
Gromchy,1,50,51
GangreneMachine,1,50,51
timeye13,9,41,50
MSUconservative,3,47,50
Eccentricc,1,49,50
Alpra_Creem,24,26,50
Mr_Shad0w,1,49,50
Ok-Investigator3971,2,48,50
Hermitically,25,25,50
ZapSpar,1,49,50
thawingSumTendies,41,9,50
gusfring88,4,46,50
Youaresowronglolumad,1,49,50
SirSoliloquy,2,48,50
RandomRedditor44,1,49,50
Ephoenix6,48,2,50
kronsj,11,39,50
KuyaEduard,1,49,50
yash13,41,9,50
djprofitt,1,49,50
SmokeSerpent,1,49,50
SharqPhinFtw,1,49,50
mdj1359,1,49,50
memtiger,1,49,50
waltercool,1,49,50
beamdriver,2,48,50
spinx248,15,35,50
arashvenus,1,49,50
GonjaNinja420,42,8,50
TAKEitTOrCIRCLEJERK,1,48,49
geoduckSF,1,48,49
SobeyHarker,2,47,49
III-V,1,48,49
intelligentx5,1,48,49
imakeholesinu,1,48,49
SarahBrownEye,3,46,49
Consistent_Jacket892,1,48,49
ohnoh18,45,4,49
dgmilo8085,1,48,49
sexyhusband714,10,38,48
bmb102,1,47,48
BernieEcclestoned,1,47,48
surfinThruLyfe,1,47,48
kuahara,1,47,48
aacool,35,13,48
letsfixsociety,2,46,48
Maxcactus,30,18,48
Creative_Visit122,1,47,48
flatline0,1,47,48
tommos,10,38,48
the_renegade_dude,1,47,48
choke_da_wokes,1,47,48
whisperwrongwords,1,47,48
Son0fSun,2,46,48
Buckwheat469,1,47,48
cdtoad,3,45,48
Throwimous,1,47,48
Secret-Plant-1542,1,47,48
-OQO-,1,47,48
Astrophysicist_X,1,47,48
mtanderson,1,46,47
cerebrix,2,45,47
McFatty7,13,34,47
dect60,18,29,47
Nervous-Ear-8594,1,46,47
LloydAtkinson,1,46,47
Atulin,1,46,47
fleker2,2,45,47
LineNoise,19,28,47
TheNevers,1,46,47
JoeDiBango,1,46,47
1zzie,2,45,47
ASuarezMascareno,3,44,47
BrightProfessional8,1,46,47
sillychillly,28,19,47
pobody-snerfect,14,33,47
CeSiteEstDesOrdures,17,29,46
that_star_wars_guy,1,45,46
shoretel230,1,45,46
AnarchyinGroland,1,45,46
Watchkeeper27,1,45,46
dreamcastfanboy34,12,34,46
PaintYourDemons,4,42,46
sooner2016,1,45,46
iheartsimracing,4,42,46
thinkingperson,1,45,46
nixass,4,42,46
angry_abe,5,41,46
BlueLightStruct,9,37,46
randomymetry,1,45,46
somearejustannoying,1,45,46
Miserable-Lizard,2,43,45
Sip_py,2,43,45
koavf,3,42,45
porkchop_d_clown,4,41,45
BigBadMur,1,44,45
geneticeffects,1,44,45
vanteal,1,44,45
l3mmyCaution,1,44,45
lasercat_pow,4,41,45
ndbltwy,2,43,45
carrotcypher,1,44,45
printial,18,27,45
UnstatesmanlikeChi,42,3,45
ggroverggiraffe,1,44,45
DiDuLiDuDa,2,43,45
altbekannt,12,33,45
i_am_atoms,2,43,45
deincarnated,1,44,45
User_492006,1,44,45
Assume_Utopia,1,44,45
tyrannosauru,32,13,45
coolluck33,1,43,44
lood9phee2Ri,4,40,44
4thDevilsAdvocate,2,42,44
MingTheMirthless,1,43,44
dumpsterfire1000,1,43,44
zoziw,2,42,44
sharkowictz,1,43,44
Cheekclapped,1,43,44
spellbanisher,1,43,44
theungod,1,43,44
kunadian,1,43,44
caspy7,1,43,44
penone_nyc,1,43,44
keto_brain,1,43,44
trailer8k,4,40,44
TheBloodEagleX,1,43,44
Pschobbert,4,40,44
pichiquito,1,43,44
0913856742,1,43,44
BioDriver,1,43,44
SpinningHead,1,43,44
Markqz,1,43,44
EdithDich,11,33,44
3xploit_,1,43,44
The_Bagel_Fairy,3,41,44
Sariel007,39,5,44
GhostriderCBX,1,43,44
silverbax,1,43,44
Bulevine,1,42,43
Torquemada1970,21,22,43
giantyetifeet,23,20,43
TheAnswerWithinUs,1,42,43
AbbydonX,12,31,43
Brendogg22,1,42,43
richardelmore,1,42,43
WalkureARCH,41,2,43
Nigwardfancyson,1,42,43
EagleEyes_009,41,2,43
Prolite9,1,42,43
SPACECAT223,1,42,43
pastaMac,1,42,43
danfirst,2,41,43
knowledgebass,1,42,43
riding_tides,1,42,43
dksprocket,1,42,43
Toastman04,1,42,43
Sachyriel,1,42,43
dedokta,1,42,43
CavemanJamess,1,42,43
Lasereye,1,42,43
CEOAerotyneLtd,36,7,43
Ranew,4,39,43
Stiven_Crysis,41,2,43
Ground2ChairMissile,1,42,43
SuspiciousCricket654,1,42,43
970,1,41,42
categorie,1,41,42
RelaxPrime,1,41,42
poor_lil_rich,1,41,42
Vercitti,20,22,42
sputnikv,1,41,42
Yumewomiteru,1,41,42
FriesWithThat,2,40,42
Ganeshadream,3,39,42
DaftPump,1,41,42
spsheridan,34,8,42
throaway_fire,1,41,42
SanctimoniousApe,1,41,42
loi044,1,41,42
robot_turtle,1,41,42
Tesla-Throwaway9812,1,41,42
cliffski,1,41,42
AmethystOrator,38,4,42
UnnamedPlayer,3,39,42
productivewinks,2,40,42
codingai,3,39,42
KingSash,33,9,42
777fer,40,2,42
KarlHungus78,2,39,41
187Shotta,2,39,41
oldassesse,1,40,41
Cold_Ant_4583,1,40,41
Familiar-Turtle,27,14,41
ygg_studios,1,40,41
Impossible34o_,1,40,41
avadhutsawant,40,1,41
bagada,1,40,41
turbotum,2,39,41
PeanutNSFWandJelly,1,40,41
MilkshakeBoy78,1,40,41
kernals12,8,33,41
seat51c,21,20,41
Unlikely-Flamingo,1,40,41
thatguygreg,2,39,41
diacewrb,22,19,41
grim_goatboy69,1,40,41
MinuteNoodles,1,40,41
Lucky-Engineer,11,30,41
lotsofsweat,28,13,41
5skandas,10,31,41
gordonmcdowell,5,36,41
Cultural_Budget6627,2,39,41
rootsvelt,1,40,41
Drinkie_Zilla,4,37,41
MsKim,5,36,41
rzwitserloot,1,40,41
build9600,2,38,40
CoupleClothing,1,39,40
cheeztoshobo,33,7,40
_Didnt_Read_It,7,33,40
iateherbutt,3,37,40
Whack_a_mallard,1,39,40
SandyCoder,36,4,40
Moynamama,2,38,40
FK_919,21,19,40
Sybertron,1,39,40
ExactLocation1,2,38,40
sasko12,34,6,40
dadofbimbim,31,9,40
mrezhash3750,1,39,40
extremenachos,1,39,40
voice-of-reason_,1,39,40
viper_gts,1,39,40
ocrohnahan,1,39,40
Blueberry_Conscious_,4,36,40
lokujj,1,39,40
stealingsociety77,1,39,40
VORTXS,31,9,40
callsignomega,1,39,40
informatziya,1,39,40
AffectionateSize552,2,38,40
periscope_artifact,9,30,39
bubblehack3r,33,6,39
farcetragedy,3,36,39
SHODAN117,1,38,39
Purpoisely_Anoying_U,1,38,39
Bencolawebs,1,38,39
VirtualPoolBoy,1,38,39
Trennosaurus_rex,11,28,39
Fishingnett,1,38,39
TheTrotters,4,35,39
JeaTaxy,1,38,39
Diuqil69,1,38,39
FutureGazer_999,2,37,39
misconfig_exe,1,38,39
ChimeraMistake,1,38,39
ChoicePilot49,13,26,39
Sandy_hook_lemy,1,38,39
saltyb,1,38,39
NISHITH_8800,7,32,39
tehreal,2,37,39
newleafkratom,1,38,39
hhh888hhhh,1,38,39
TorrenceMightingale,1,37,38
7LyLa,2,36,38
Rick_e_bobby,1,37,38
caveatlector73,21,17,38
lAStbaby6534,27,11,38
musicroyaldrop,18,20,38
RanchBaganch,1,37,38
AwesomeWhiteDude,1,37,38
No-Drawing-6975,34,4,38
ay8xT4,2,36,38
superben79,1,37,38
Windows_is_Malware,1,37,38
IphtashuFitz,2,36,38
TheMajority0pinion,1,37,38
Chrisx711,1,37,38
AidThisFellowUser,34,4,38
JeevanBiswas90,36,2,38
IvyGold,22,16,38
Appropriate_Ant_4629,1,37,38
editorijsmi,37,1,38
Reddit_Mods_Are_Gey,2,36,38
reddicyoulous,20,17,37
c-dy,3,34,37
ZozicGaming,1,36,37
WildBill598,1,36,37
Rerel,1,36,37
DepthsOfVision,31,6,37
PsychologicalBike,1,36,37
Masspoint,2,35,37
southbaytechguru,12,25,37
Daohaus,1,36,37
123456American,3,34,37
everlovingkindness,12,25,37
computerguy0-0,1,36,37
app4that,8,29,37
PastaArt,2,35,37
bobbane,2,35,37
ChocolateTsar,9,28,37
PauloPatricio,25,12,37
wsj,4,33,37
PsiAmp,9,28,37
saurin212,26,11,37
Ketsetri,4,33,37
hagy,1,36,37
darkMatterMatterz,1,36,37
ZRodri8,1,36,37
darthatheos,28,9,37
terapinrex,1,36,37
RaiderOfZeHater,19,17,36
T_S_Venture,1,35,36
sdhu,1,35,36
wave_327,1,35,36
TheColorOfDeadMen,27,9,36
ClusterFugazi,1,35,36
OMG_A_CUPCAKE,1,35,36
CosmicPenguin,2,34,36
Luke5119,1,35,36
statistically_viable,1,35,36
judgestinky,1,35,36
EumenidesTheKind,2,34,36
a11424,1,35,36
daev1,1,35,36
DevaconXI,1,35,36
deevandiacle,1,35,36
philipwhiuk,1,35,36
lodge28,1,35,36
LoremEpsomSalt,1,35,36
Prudent_Reindeer9627,2,34,36
uriman,7,29,36
TimeVendor,4,32,36
TFenrir,2,34,36
1900irrelevent,1,35,36
aniisonred,1,35,36
Buck-Nasty,6,30,36
corp_code_slinger,5,31,36
AccomplishedMeow,1,35,36
cuttino_mowgli,1,35,36
iamthyfucker,8,28,36
TheArstaInventor,3,33,36
Jealous_Ad5849,1,35,36
matroosoft,1,34,35
_sirRantAlot_,1,34,35
alertnoalert,15,20,35
GroundbreakingGur930,11,24,35
westondeboer,20,15,35
ema_G,2,33,35
space_iio,2,33,35
tinny123,3,32,35
revtim,1,34,35
Tshin_suma,1,34,35
Yrouel86,1,34,35
ProtocolNews,1,34,35
shadysus,2,33,35
GoSh4rks,1,34,35
Queen_Of_The_Danged,4,31,35
Jawaka99,1,34,35
harmonia777,1,34,35
Altruistic_Camel,1,34,35
tinhead168,1,34,35
antihostile,1,34,35
ImplementFuture703,5,30,35
morningburgers,2,33,35
lokey_convo,1,34,35
article10ECHR,1,34,35
Nahughes121989,4,31,35
Globalist2,1,34,35
General-Programmer-5,3,32,35
cos,28,7,35
Hot-----------Dog,2,33,35
pnewell,29,6,35
flossypants,1,34,35
snooshoe,33,2,35
AcademicElk,6,28,34
punIn10ded,1,33,34
101arg101,1,33,34
Zolivia,2,32,34
Hanginon,2,32,34
Konradleijon,1,33,34
harfyi,13,21,34
prolific_ideas,6,28,34
Funny_Growth_8966,1,33,34
sgent,1,33,34
FancyPea677,22,12,34
degenerus,1,33,34
DemiFiendRSA,31,3,34
Orbitingkittenfarm,3,31,34
PriorPhilip,1,33,34
roamingandy,1,33,34
lorenzomofo,1,33,34
DantePD,1,33,34
BurningVShadow,1,33,34
MidniteOwl,1,33,34
masterblaster0,20,14,34
Immediate-Winner-556,1,33,34
Skintanium,1,33,34
cnbc_official,21,13,34
WPHero,31,3,34
ComfortableTipTap,1,33,34
jason_jones19,16,18,34
Chaffy_,1,32,33
FrodoSam4Ever,32,1,33
BritishAccentTech,2,31,33
Murican_Freedom1776,1,32,33
patharmangsho,2,31,33
Leo_Scar,21,12,33
bent_crater,1,32,33
CatsAreGods,1,32,33
myheadfire,1,32,33
Xtreeam,1,32,33
terpin,4,29,33
CharyBrown,29,4,33
AmericanScream,1,32,33
yoni_eth,24,9,33
-Aeronautix-,1,32,33
rarebit13,1,32,33
iCANNcu,1,32,33
alaslipknot,1,32,33
Lord_Boffum,1,32,33
tosil,1,32,33
ken-bone-2020,1,32,33
idarknight,30,3,33
migill-66,16,17,33
Outrageous_Zebra_221,1,32,33
oppy1984,1,31,32
inajeep,1,31,32
OlympicAnalEater,10,22,32
oreiz,1,31,32
gabreading,2,30,32
explorer_76,1,31,32
norcalnatv,12,20,32
Abildsan,2,30,32
flyfrog,1,31,32
LiteratureNearby,1,31,32
NYScott,1,31,32
afrcnc,15,17,32
MikeLanglois,2,30,32
tom_1357,19,13,32
Careless_Bat2543,3,29,32
Big_Rooster_5461,1,31,32
TheGoldenBoognish,29,3,32
Serenikill,1,31,32
born_in_cyberspace,1,31,32
Downvotesohoy,2,30,32
batweenerpopemobile,1,31,32
gregor-sans,1,31,32
ihateradishes,1,31,32
Rags2Rickius,1,31,32
Drahy,14,18,32
LOHare,1,30,31
Mim7222019,1,30,31
mithik,2,29,31
Competitive_Ad_5515,1,30,31
bcjh,1,30,31
bil-sabab,24,7,31
usernamesarehardas,1,30,31
someguy3,1,30,31
theRemRemBooBear,13,18,31
ksr_malware,29,2,31
michael_corleone111,1,30,31
ishtar_the_move,5,26,31
curiouscoffee23,28,3,31
Quique1222,1,30,31
RoundSparrow,1,30,31
uhhhwhatok,6,25,31
Financial-Ground-942,4,27,31
Spirited-Pause,23,8,31
trainer235643,5,26,31
LisaMck041,26,5,31
berael,2,29,31
04221970,1,30,31
--harumph--,1,30,31
Tough_Gadfly,24,7,31
falsehood,1,30,31
MechMeister,1,30,31
aaronhayes26,1,30,31
EasySeaView,1,30,31
nnnaikl,3,28,31
Ilfirion,2,29,31
coasterghost,4,26,30
__Taylor_Swift__,1,29,30
MagicaItux,1,29,30
besselfunctions,7,23,30
-Gavin-,25,5,30
tiggityTD,1,29,30
wiseguy2235,1,29,30
Paneraiguy1,10,20,30
xcubeee,1,29,30
ClassOptimal7655,12,18,30
themaddowrealm,2,28,30
nogiyoxo,8,22,30
LightSparrow,1,29,30
GiveMeOneGoodReason,1,29,30
WrongPurpose,1,29,30
infinit9,2,28,30
johnly81,1,29,30
ICSSH,16,14,30
benfelix1,23,7,30
slackmaster,1,29,30
die-microcrap-die,1,29,30
SnowySupreme,1,29,30
Gr8daze,1,29,30
ARoyaleWithCheese,3,27,30
On_The_Razors_Edge,1,29,30
Zyx-Wvu,1,29,30
vexargames,3,27,30
phillygirllovesbagel,24,6,30
VeterinarianProper42,25,5,30
Jjhammer31,1,29,30
berni4pope,1,28,29
Deadliestmoon,1,28,29
Razor512,1,28,29
FirePing32,17,12,29
perortico,1,28,29
TheThingy,1,28,29
JeepChrist,1,28,29
ptcounterpt,1,28,29
L_Cranston_Shadow,2,27,29
Infranto,1,28,29
mhoke63,2,27,29
Buhdumtssss,2,27,29
jack_hof,1,28,29
scoobydad76,1,28,29
DarkBlueMullet,2,27,29
mike_plumpeo,2,27,29
Sanderhh,1,28,29
darkstarrising,15,14,29
Nickr1521,1,28,29
Nathan_Proctor,22,7,29
ItsTheUltimateBob,16,13,29
Historical_Wallaby_5,1,28,29
Successful_Mix_8988,19,10,29
vasquca1,1,28,29
Nebulata,4,25,29
HorrorCharacter5127,19,10,29
Habytes,14,15,29
52-61-64-75,2,27,29
Bystronicman08,1,28,29
bloodshotforgetmenot,1,28,29
petrolly,8,21,29
TorukMaktoM,3,26,29
haohnoudont,1,28,29
rbmassert,1,28,29
abcdefghig1,1,28,29
Pichu_sonic_fan2545,5,24,29
ashisht1122,23,6,29
BasedSweet,25,4,29
joculator,1,27,28
Invelious,3,25,28
mealucra,1,27,28
AlaskaFI,1,27,28
drak0bsidian,10,18,28
trakk2,1,27,28
Chubbybrownbear,1,27,28
goldcakes,1,27,28
Aussiewhiskeydiver,3,25,28
joey_sticks3,13,15,28
pegothejerk,1,27,28
deukhoofd,1,27,28
MiddleAgedGrump,1,27,28
Genevieves_bitch,23,5,28
LogicalRiver,24,4,28
DirectControlAssumed,1,27,28
A-Wise-Cobbler,1,27,28
glawgii,25,3,28
JacobRiesenfern,1,27,28
IAmAnAnonymousCoward,1,27,28
jsalsman,6,22,28
LtDominator,1,27,28
UNLV_REB,1,27,28
OnthelooseAnonymoose,1,27,28
agnosticautonomy,1,27,28
ihavestrings,8,20,28
holyknight00,1,27,28
wizzerking,9,19,28
westernmail,2,26,28
sue_me_please,1,27,28
FLTA,1,27,28
SecondAccount404,8,20,28
aaj617,2,26,28
jcdentonunatco72,1,27,28
Successful-Gene2572,1,27,28
RaccoonLevel275,1,27,28
King-of-New-York,8,20,28
scuffling,1,27,28
lordatlas,4,24,28
neotheseventh,4,24,28
DeeJayDelicious,1,27,28
Scorpinock,1,27,28
photoalbumguy,6,22,28
falconx2809,3,25,28
PutridAppointment69,1,27,28
AndyIsNotOnReddit,1,27,28
LoneWorldWanderer,1,26,27
Head-Mathematician53,1,26,27
Suspended_9996,3,24,27
AkatsukiKojou,1,26,27
EshuMarneedi,1,26,27
Hithaeglir,1,26,27
am3l1a,3,24,27
yogthos,3,24,27
flyingsolo07,3,24,27
xpxf69,6,21,27
kirby__000,26,1,27
the6thReplicant,1,26,27
Cobra-D,1,26,27
10MinsForUsername,8,19,27
One-Willingness1863,1,26,27
Khyta,5,22,27
rit56,13,14,27
Alec_Strebec,1,26,27
LookRevolutionary198,1,26,27
Joeclu,1,26,27
Truetree9999,3,24,27
MrCappadocia,1,26,27
MyVideoConverter,6,21,27
DeadHorse1975,1,26,27
jpflathead,11,16,27
kevin_dung,14,13,27
SharpBeat,15,12,27
altogether_elsewhere,1,26,27
loliconest,1,26,27
IslandChillin,2,25,27
ADTR9320,1,26,27
DiaDeLosMuebles,2,25,27
FalnixValencroth,1,26,27
jjjhkvan,1,26,27
Lucrumb,2,25,27
WooliestSpace,2,25,27
SeanBlader,1,26,27
Web3Alchemist_eth,1,26,27
rnargang,3,24,27
Grasshopperboper,1,26,27
PewPew84,4,23,27
HACCAHO,1,26,27
AndyFreeman,1,26,27
sionescu,1,26,27
packetlosspro,1,26,27
BachthovenIB,1,26,27
sdotmills,1,26,27
ccnafr,16,11,27
Visualize_,1,26,27
DONTLOOKITMEIMNAKED,1,25,26
TheTwoOneFive,1,25,26
GhostlyRuse,5,21,26
boomHeadSh0t,1,25,26
natepriv22,1,25,26
areopagitic,1,25,26
PicardTangoAlpha,1,25,26
gautamdiwan3,1,25,26
williams_harris,25,1,26
Theory-Praxis,1,25,26
butterscotchswirl_,1,25,26
ohhellnooooooooo,2,24,26
SpaceFaceMistake,8,18,26
petepro,1,25,26
Yellow_Bee,2,24,26
SeminolesRenegade,10,16,26
tryinghard96,2,24,26
badtradesguy,1,25,26
Mojicana,1,25,26
Deep-Room6932,1,25,26
JediBurrell,2,24,26
isaybullshit69,1,25,26
justAnotherLedditor,5,21,26
HenryCorp,16,10,26
SaintBiggusDickus,5,21,26
breadiestcrustybrad,6,20,26
Fando1234,1,25,26
DaveInLondon89,2,24,26
stupidstupidreddit2,6,20,26
gregdbowen,3,23,26
opulentgreen,1,25,26
cannonfunk,3,23,26
Puzzleheaded-Bug7690,1,25,26
CyberHoff,3,23,26
whitebeltinhaiku,2,24,26
holyhacker,25,1,26
AnimePrimeMinister,12,14,26
covid_gambit,1,25,26
largesemi,1,25,26
LouMM,3,22,25
ShesJustAGlitch,4,21,25
CrazyK9,10,15,25
i_love_anachronisms,13,12,25
Foppo12,1,24,25
stlouisx50,1,24,25
PSUVB,1,24,25
Hughjarse,12,13,25
StripetypeRick,7,18,25
NewImage1003,23,2,25
northerncal,1,24,25
-linear-,1,24,25
UbbeStarborn,1,24,25
frog-and-scorpion,1,24,25
tikinero,1,24,25
apocalyptustree,1,24,25
Lint6,1,24,25
DeusExHumanum,2,23,25
Rikuddo,1,24,25
Infamous_Turn60,1,24,25
Gax63,2,23,25
CaptainTomato21,6,19,25
Jaamac2025,12,13,25
Aluliman,1,24,25
DisturbedBeaker,18,7,25
LogicalManager,2,23,25
rcchomework,2,23,25
ADMIRAL_IMBA,4,21,25
EngCompSciMathArt,2,23,25
xSypRo,1,24,25
Strong_Wheel,1,24,25
WhoIsJolyonWest,7,18,25
BenderB-Rodriguez,1,24,25
ninjascotsman,9,16,25
EricFromOuterSpace,4,21,25
Sea_Tack,1,24,25
Plus-Wolf-1893,1,24,25
Seva55,1,24,25
bigblutruck,1,24,25
_sfhk,1,24,25
Academic-Strategy857,21,4,25
YakOrnery,1,24,25
Ironmike11B,1,24,25
T-rex_with_a_gun,1,24,25
ExploreTrails,1,24,25
PM_ME_UR_REDPANDAS,1,23,24
Sh0tgunSh0gun,1,23,24
colddrew,3,21,24
misterandosan,1,23,24
mcnewbie,1,23,24
MonsterMunch1504,15,9,24
MBAfail,1,23,24
Martin_WK,1,23,24
OtheDreamer,1,23,24
RichKatz,4,20,24
Alarming_Jicama2979,15,9,24
bluediksucker,1,23,24
sycamorechip,17,7,24
bristow84,1,23,24
OneGuyJeff,1,23,24
javaxcore,13,11,24
BsaciallyBasic,2,22,24
PhilDesenex,13,11,24
rigorousthinker,5,19,24
wiredwilde,8,16,24
Le_Rekt_Guy,1,23,24
Lolkac,1,23,24
Mrsparkles7100,1,23,24
konstantin_metz,20,4,24
armedcats,1,23,24
Fuck_CDPR,2,22,24
stayonthecloud,1,23,24
shakhawat0410,21,3,24
NineteenEighty9,17,7,24
ToJestStronaSmieci,6,18,24
Eirenex,1,23,24
brazilliandanny,1,23,24
Raglesnarf,2,22,24
reddit_mods_butthurt,2,22,24
s1n0d3utscht3k,9,15,24
andrewta,3,21,24
Rocksolidbubbles,1,23,24
Mandelmus100,8,16,24
athin_explorer,22,2,24
thewildjoker,3,21,24
Long_Antelope_1400,1,23,24
mancinedinburgh,17,7,24
barweis,12,12,24
rjkb041,13,11,24
Wellllfuckit,3,21,24
queenmyrcella,1,23,24
CommaNut_Ondis,2,22,24
ShowmeyourWAP,1,23,24
DEAF-LAMONT,11,13,24
grassrootbeer,6,17,23
rejs7,21,2,23
anthony-wokely,1,22,23
StarkOdinson216,1,22,23
Electronic-Lie-5897,1,22,23
iwifia,1,22,23
LuckyCharms2000,4,19,23
BirdWatcher_In,5,18,23
Ninja_Conspicuousi,1,22,23
UnknownDeveloper,22,1,23
DutchTechJunkie,6,17,23
Milk_Man21,6,17,23
Disastrous_Bunch8979,1,22,23
laundry_writer,10,13,23
AlarmVarious1991,3,20,23
stockhackerDFW,20,3,23
vaporfang,1,22,23
MrBluoe,1,22,23
Pigeonofthesea8,3,20,23
ChrisTweten,15,8,23
Zoran12,4,19,23
hyouko,1,22,23
OrigamiGamer,1,22,23
RedditUsr2,1,22,23
FreePrinciple270,13,10,23
oldirishfart,1,22,23
Arve,1,22,23
Tamos40000,1,22,23
sagacious-tendencies,1,22,23
HRJafael,19,4,23
bil_sabab,22,1,23
BuccellatiExplainsIt,1,22,23
No-Rest9671,1,22,23
pgold05,1,22,23
fudge_u,21,2,23
ostentragious,1,22,23
spaceraingame,1,22,23
SickChipmunk,5,18,23
Teeheeleelee,1,22,23
QuanCryp,2,21,23
GonzoVeritas,2,21,23
arrezzo,1,22,23
fucking_hero,1,22,23
pstbo,19,4,23
sourdcoder,1,22,23
qkfb,21,2,23
CSCAdmin,1,22,23
MapedMod,1,22,23
Ok-Cartographer-3725,1,22,23
DannoHung,1,22,23
Weeiam,9,14,23
Molire,12,11,23
joeypants05,1,22,23
PuzzleheadedWeb9876,1,22,23
beigetrope,1,22,23
MagicWishMonkey,1,22,23
FoulYouthLeader,1,22,23
H4km4N,3,20,23
Luka77GOATic,2,21,23
ZookyTheClown,1,21,22
RCDuke,2,20,22
ginwithbutts,1,21,22
abhilodha,1,21,22
langolier27,1,21,22
Dnejenbssj537736,1,21,22
bltburglar,1,21,22
aq-r-steppedinsome,2,20,22
wazzel2u,3,19,22
BanCircumventionAcc,1,21,22
washingtonpost,2,20,22
say_no_to_camel_case,1,21,22
CJKayak,1,21,22
Pogatog64,1,21,22
the_bear_paw,1,21,22
PDubsinTF-NEW,1,21,22
Canal_Volphied,9,13,22
Rare-Independence-14,16,6,22
Alexander_Selkirk,4,18,22
106503204,1,21,22
getyourzirc0n,1,21,22
Snoo_42276,1,21,22
CrassDemon,1,21,22
zombienekers,3,19,22
GrenadineBombardier,1,21,22
likwitsnake,1,21,22
Yashpreet_Singh,7,15,22
JerkyChew,1,21,22
Jason_Qwerty,1,21,22
wondefulhumanbeing,1,21,22
cerebrumInfotech123,17,5,22
Rational-Being-9253,2,20,22
LeeroyTC,1,21,22
babyfacedadbod,1,21,22
mybed54,1,21,22
Ok-Principle-8776,1,21,22
StarBerry55,4,18,22
gamer9999999999,1,21,22
mrlt10,1,21,22
UTUSBN533000,15,7,22
nedryerson48,20,2,22
justfortrees,1,21,22
kendo31,1,21,22
Superbuddhapunk,15,7,22
HardwareRaidIsDead,1,21,22
silversnoopy,1,21,22
Ben_aid,17,5,22
Redditditditdahdo,20,2,22
herbiems89_2,1,21,22
captainquirk,19,3,22
ramennoodle,1,21,22
bkcrypt0,10,12,22
OverByTheEdge,3,19,22
Yilku1,1,21,22
Shadoze_,2,20,22
designatedtruth,3,19,22
Ask-Me-If-Im-Happy,2,20,22
TrashyMcTrashBoat,1,21,22
homoclite,1,21,22
Yakatsumi_Wiezzel,1,21,22
uniqualykerd,2,20,22
aresef,2,19,21
ytk,1,20,21
Dick_Miller138,1,20,21
Foryourconsideration,1,20,21
saijanai,1,20,21
Regnarg,1,20,21
baggachipz,1,20,21
Odie1941,1,20,21
signal_app,1,20,21
joeyjoejoe_7,2,19,21
redderrida,1,20,21
Kazukiba,1,20,21
griftertm,1,20,21
Habundia,1,20,21
gobonkles,1,20,21
grab-n-g0,4,17,21
Sportsguy02431,2,19,21
DotAccomplished5484,1,20,21
straylittlelambs,1,20,21
jeffsmith202,8,13,21
c_m_33,1,20,21
kbuis,1,20,21
ThunderEcho100,1,20,21
sp1kline,2,19,21
Diamond-Is-Not-Crash,2,19,21
fastclickertoggle,10,11,21
NinjaFighterAnyday,1,20,21
CanaKitty,1,20,21
Shapen361,1,20,21
aaabigwyattmann3,1,20,21
asciimo71,1,20,21
AXXXXXXXXA,1,20,21
wwbbs2008,4,17,21
coffeequeen0523,1,20,21
Drew_Pinsky,18,3,21
StatisticianGloomy28,1,20,21
SetMau92,20,1,21
ApathyJacks,1,20,21
madamplease,10,11,21
diwalton,1,20,21
cruji3nt3,1,20,21
clash1111,14,7,21
mashipp,13,8,21
Michael_Crichton,1,20,21
Sysiphus_Love,4,17,21
NickPookie93,1,20,21
jivatman,14,7,21
dablackviking,1,20,21
steel_member,1,20,21
Anoth3rDude,12,9,21
VanguardSucks,1,20,21
notNezter,5,16,21
ADotSapiens,6,14,20
Jman841,1,19,20
JasonCox,1,19,20
dutchbaroness,1,19,20
flailingarmtubeasaur,1,19,20
LaylaJamie,1,19,20
Hench_manorange_1880,2,18,20
MattO2000,1,19,20
needlesfox,5,15,20
RetroNick78,1,19,20
literallyfabian,1,19,20
Maximus_Dominus_Rex,5,15,20
TransFattyAcid,5,15,20
lotteryhawk,19,1,20
PurplePlan,11,9,20
johnnymonkey,1,19,20
Temporary-Leather-52,1,19,20
newsaggregate,5,15,20
Benjaminsen,19,1,20
ToddTen,2,18,20
exp_in_bed,1,19,20
SerenePerception,1,19,20
DontMicrowaveCats,1,19,20
Mental_band_,1,19,20
havereddit,2,18,20
Neosis,1,19,20
ivan510,1,19,20
165701020,8,12,20
SideSalad42,1,19,20
Helicase21,6,14,20
NoEquivalent9279,1,19,20
Raghavendra98,3,17,20
FamouslyGrizzled,8,12,20
signdNWgooglethstime,1,19,20
eppic123,1,19,20
pappie30,1,19,20
thisisinsider,2,18,20
seedstarter7,1,19,20
altreport,6,14,20
clgoh,1,19,20
Patch86UK,1,19,20
sixthsheik,12,8,20
SlinkySlekker,1,19,20
Froggmann5,1,19,20
SchlongMcDonderson,1,19,20
Bammy-Soy,17,3,20
znihilist,1,19,20
The_Ombudsman,1,19,20
xland44,5,15,20
saik2363,6,14,20
ComprehensivePiano81,1,19,20
super_athin,13,7,20
nudifyme69,1,19,20
Yorkshire80,19,1,20
vale_fallacia,1,19,20
anurodhp,4,16,20
VentureVultureLA,6,14,20
deron666,17,3,20
HowSR,1,19,20
linkinstreet,1,19,20
jslberto87,3,17,20
techietraveller84,7,13,20
MclovinTshirt,3,17,20
RunOrDieTrying,1,19,20
Bombsawayboy,1,19,20
lyrikz74,1,19,20
KevinScottMicrosoft,1,19,20
Scientific_Thinking,8,12,20
nidorancxo,2,18,20
Cheap_District_9762,2,18,20
WutzTehPoint,1,19,20
BallonDfloor,15,5,20
lunka_chuck,1,19,20
monthoftheman,1,19,20
J-W-L,2,18,20
contratesammy,2,18,20
Leelum,19,1,20
AmbitiousHedgehog313,1,19,20
isamson,12,8,20
Saltyigloo,1,18,19
EmeraldIbis,1,18,19
New_Steel,3,16,19
SmirkingMan,1,18,19
baltinerdist,1,18,19
IronSmithFE,1,18,19
dobbysreward,2,17,19
Hoz85,1,18,19
tgp1994,1,18,19
hidraulik,1,18,19
JoeyK075,6,13,19
G4Designs,1,18,19
foxmag86,1,18,19
Tech-Dictator,1,18,19
Perfycat,1,18,19
KinnerNevada,18,1,19
dtallee,3,16,19
tester25386,13,6,19
Boby_Dobbs,1,18,19
rt1357924680,4,15,19
PickledBackseat,2,17,19
cncrndctzn2,13,6,19
octopusnado,1,18,19
OneSchott,1,18,19
liveforever67,1,18,19
Zekro,3,16,19
phlux,7,12,19
fotogneric,11,8,19
germano_nh,2,17,19
DrCalFun,12,7,19
sufficiently_tortuga,1,18,19
javi2591,12,7,19
msiekkinen,1,18,19
AggravatingTea1992,1,18,19
ouyawei,1,18,19
Objective_Reason_140,1,18,19
Restoration_Magic,1,18,19
MySquidHasAFirstName,2,17,19
run-26_2,2,17,19
bethebumblebee,3,16,19
TX908,16,3,19
PuzzleheadedHeat4409,14,5,19
Reasonably_Bee,3,16,19
riffic,2,17,19
mashton,1,18,19
mojeek_search_engine,1,18,19
adyrip1,1,18,19
Unfair-Tough4154,1,18,19
hereforthefeast,1,18,19
InTooDeep024,1,18,19
Proteasome1,6,13,19
bkoly,1,18,19
tomorrow509,1,18,19
External-Fig9754,1,18,19
WishingTreeTop,1,18,19
revital9,3,16,19
funkybeatz911,1,18,19
chopchopped,9,10,19
Dismal_Clothes5384,2,17,19
PineBarrens89,1,18,19
nakulaser,13,6,19
__TIE_Guy,1,18,19
Az0nic,2,17,19
end_gang_stalking,7,12,19
MSP_CS,8,11,19
BillTowne,1,18,19
Andrew129260,1,18,19
Reach-for-the-sky_15,2,17,19
wulfgang,1,18,19
archbish99,2,17,19
penguin97219,1,18,19
testus_maximus,13,6,19
IAmMey,1,18,19
savuporo,5,14,19
Gold-and-Glory,1,18,19
I_am_unique6435,1,18,19
beeen_there,1,18,19
FrankySobotka,1,18,19
Ask_for_puppy_pics,1,18,19
CloudInvest,18,1,19
Key_General_4321,6,13,19
kajri,16,3,19
sanity,1,18,19
nmpraveen,2,17,19
sri745,1,18,19
Mzl77,2,16,18
steevo,4,14,18
FarWashKing,1,17,18
Karimk57,1,17,18
D1STR4CT10N,4,14,18
Basskid88,1,17,18
beaufordtshimbucket,2,16,18
Liquid_heat,5,13,18
ihrvatska,4,14,18
Creative-Ocelot8691,1,17,18
TheMiz2002,1,17,18
Hungrydadga,2,16,18
team_NITL,14,4,18
bob535251,1,17,18
clambersand,2,16,18
space_force_majeure,4,14,18
Pradeep_offthecliff,1,17,18
UncertainlyUnfunny,1,17,18
ScreenExtension,1,17,18
jestertwok,1,17,18
sunshine-filters,2,16,18
TheBigR314,1,17,18
Aerothermal,5,13,18
PooPooRichardson,10,8,18
FreedomBoners,5,13,18
DatalessUniverse,1,17,18
dogGirl666,1,17,18
taiwoheard,3,15,18
BeeBobMC,5,13,18
Opcn,3,15,18
Uncerte,1,17,18
Chewbacker,1,17,18
MrG,1,17,18
Butterscotch766,2,16,18
XalAtoh,1,17,18
matiyarosz,1,17,18
Phishing_for_bytes,8,10,18
towelheadass,1,17,18
Haunting_Quote2277,8,10,18
Big-_Floppa,6,12,18
wingslutz69,17,1,18
HackerEarth-Inc,17,1,18
KingSlayer94,1,17,18
speakhyroglyphically,1,17,18
too_much_to_do,1,17,18
madladolle,1,17,18
SomeSchmidt,2,16,18
Rusty_Bicycle,1,17,18
KuriousPanda,7,11,18
BruteSentiment,1,17,18
TheOneWhoWil,1,17,18
audiomuse1,5,13,18
IpsoCranius,1,17,18
Gary_s_1982,6,12,18
turbo,1,17,18
MSSFF,4,14,18
SkyAdventurous3748,1,17,18
cjwidd,1,17,18
FreedomsPower,2,16,18
___Guitarmadillo___,1,17,18
DisastrousInExercise,3,15,18
TheDevilAndMrJones,1,17,18
jack-o-licious,1,17,18
Eienkei,1,17,18
Zepanda66,5,13,18
inconvenientnews,2,16,18
shablyas,1,17,18
shmatt,5,13,18
khaled,8,10,18
dbneo,1,17,18
Neopacificus,1,17,18
confabulatingpenguin,1,17,18
foodude84,1,17,18
alexcollins521,17,1,18
zKarp,1,17,18
Clairvoidance,1,17,18
Mynpplsmychoice,2,16,18
rdv100,4,14,18
informationtiger,16,2,18
NubivagoNelNonSoDove,15,3,18
Truth_Speaker_1,14,4,18
Uhhhhh55,1,16,17
Beardharmonica,1,16,17
gremy0,1,16,17
greyuniwave,6,11,17
MiserySquid,1,16,17
Superb-Guidance-638,11,6,17
magimag500,1,16,17
jameshines10,1,16,17
daRaam,1,16,17
Sea_Bison0,1,16,17
TheCozierDaemon,1,16,17
username3,1,16,17
JanElizKor,12,5,17
stoich_cynic,16,1,17
iyoiiiiu,1,16,17
mypervyaccount,3,14,17
Scribal_Culture,1,16,17
twohundred37,2,15,17
_ii_,2,15,17
kamoylan,1,16,17
PoopyFruit,1,16,17
worriedpast,7,10,17
bengtan,10,7,17
Cytokine11,1,16,17
antillian,1,16,17
jas26,12,5,17
OkPiezoelectricity74,1,16,17
nexusloops,6,11,17
Devmoi,1,16,17
Minimac1029,2,15,17
SpaceDetective,1,16,17
LJAkaar67,2,15,17
DeathStarnado8,1,16,17
PossessionStandard42,1,16,17
WalterBishop85,1,16,17
sloblow,1,16,17
StayAdmiral,3,14,17
Aerobics111,16,1,17
shadowamazon,1,16,17
th3st,1,16,17
OwlsHootTwice,1,16,17
Rare-Birthday4527,1,16,17
throwawayamd14,1,16,17
mrafaeldie12,1,16,17
rogerram1,10,7,17
flyinpnw,1,16,17
Brilliant-lyFunny888,1,16,17
Icy-Record-7773,1,16,17
Difficult-Positive35,1,16,17
SushiJuice,1,16,17
Lost_in_Nebraska402,1,16,17
o_joo,11,6,17
Worms_sg,1,16,17
slayeromen,2,15,17
Dr_Clout,1,16,17
wise_quote,4,13,17
jrobbio,1,16,17
sacred_algebra_2,3,14,17
UndeadMarine55,1,16,17
carebearstarefear,2,15,17
I_AM_A_SMURF,1,16,17
CaveDances,1,16,17
iamfuturetrunks,2,15,17
PhantomWizard2099,12,5,17
Realistic-Plant3957,9,8,17
ferdinand14,1,16,17
FlyCodeHQ,14,3,17
JH_1999,2,15,17
chemistrynerd1994,16,1,17
MedTechSpurs,1,16,17
abrownn,1,16,17
PettyWitch,2,15,17
Tech_con,1,16,17
kapuasuite,1,16,17
stillalone,1,16,17
GreunLight,1,16,17
Darthvaderpopguy,2,15,17
SimulationV2018,1,16,17
Centauran_Omega,1,16,17
rankingexpert,15,2,17
Swiss_James,1,16,17
shahanazwd,2,15,17
QuantumLeapChicago,1,16,17
flappingmeat,14,3,17
ScarlettPixl,1,16,17
eosinophille,6,11,17
Competitive_Travel16,1,16,17
archetype1,1,16,17
Wilddog73,1,16,17
BeautyInUgly,4,13,17
SinbadMarinarul,11,6,17
mankls2,8,9,17
Russian_repost_bot,3,13,16
cruel_delusion,1,15,16
J-96788-EU,1,15,16
InternationalReport5,2,14,16
preafericitulChiarEl,4,12,16
heyyoudvd,1,15,16
neosinan,2,14,16
EARTHISLIFENOMARS,1,15,16
DEATH-BY-CIRCLEJERK,2,14,16
Fauropitotto,1,15,16
leo_sk5,2,14,16
ExcellentGuyYea,5,11,16
IWantTheLastSlice,1,15,16
Megaguildy,1,15,16
e1ioan,1,15,16
cyphar,1,15,16
Hugh_Mann123,4,12,16
marji80,10,6,16
nacorom,14,2,16
Sadishist,15,1,16
mouthofreason,4,12,16
krebs01,1,15,16
Zombi_Sagan,1,15,16
AptitudeSky,7,9,16
epanek,1,15,16
like_forgotten_words,1,15,16
TheAtheistArab87,3,13,16
dontmindsifidont,1,15,16
Apart_Shock,11,5,16
EforieNord,3,13,16
O-ZeNe,2,14,16
RedditOpinionist,1,15,16
88leo,1,15,16
HappySkullsplitter,2,14,16
wyldcat,4,12,16
Dreaming_Android121,1,15,16
a-tech-account,1,15,16
Kamran_Santiago,1,15,16
Right-Bathroom-5287,7,9,16
AnAdvancedBot,1,15,16
TirelessGuerilla,1,15,16
TimeSpentWasting,1,15,16
mehconomics,1,15,16
messyredemptions,1,15,16
ThirdPartyMechanic,8,8,16
SnowinMiami,1,15,16
Zilka,1,15,16
Gari_305,8,8,16
WuriderX,1,15,16
RebootJobs,2,14,16
adventurepaul,1,15,16
NothingMattersWeDie,1,15,16
overtimeout,1,15,16
Zealousideal_Meat297,1,15,16
anti-ism-ist,1,15,16
LawOpening6189,1,15,16
ImaginaryMarsupial38,12,4,16
AFH_Global,6,10,16
IncidentGrand6198,14,2,16
Lucianomende,9,7,16
EgyptianNational,1,15,16
itWillBeKnownSoon,1,15,16
diff2,1,15,16
monkfreedom,7,9,16
rgaya,1,15,16
responseAIbot,1,15,16
Fun-Bug1060,13,3,16
vessol,1,15,16
3sides2everyStory,1,15,16
amos_blake,3,13,16
Escoliya,1,15,16
smt1,2,14,16
SpaceMonkeyOnABike,1,15,16
Zentienty,1,15,16
canneryelf,5,11,16
Cutlack,4,12,16
meghrathod,6,10,16
obscurus7,1,15,16
KingSadra,1,15,16
SpaceInstructor,7,9,16
DellM2005,3,13,16
Spagetti13,11,5,16
Theo_011,10,6,16
yourbasicgeek,14,2,16
bpra93,13,3,16
WeAreMEL,1,15,16
mathematical_cow,1,14,15
ampressman,11,4,15
brokenB42morrow,1,14,15
Sand831,2,13,15
hot_corrin,1,14,15
fledgling_curmudgeon,2,13,15
txageod,1,14,15
cdistefa,1,14,15
smarxx,10,5,15
DetectiveFit8447,1,14,15
snapwillow,1,14,15
JournalistExpress292,1,14,15
Melodic-Work7436,7,8,15
#NAME?,2,13,15
A-EFF-this,12,3,15
SoUnProfessional,12,3,15
e-r_bridge,13,2,15
Low_Efficiency_9131,1,14,15
alex35351,2,13,15
RozellaTriggs,3,12,15
PercMastaFTW,1,14,15
ExBABYYy,1,14,15
Azifor,1,14,15
DesoTheDegenerate,1,14,15
FDuquesne,8,7,15
milktanksadmirer,4,11,15
simpl3t0n,1,14,15
Tell_Nervous,6,9,15
Akki_Fan,2,13,15
homerino,1,14,15
SoulAssassin808,1,14,15
TheGiant1989,1,14,15
dj_spatial,1,14,15
NoShirtNoShoesNoDice,1,14,15
Expensive-Future-0,1,14,15
panopticon_aversion,2,13,15
GalileoGurdjieff,5,10,15
BoogieDick,1,14,15
fragrance-harbour,13,2,15
ElonMuskWellEndowed,6,9,15
Pickaa,1,14,15
willpauer,1,14,15
Serenesis_,3,12,15
muchcharles,1,14,15
DustinBrett,2,13,15
singleguy79,1,14,15
Splenda,1,14,15
_mully_,1,14,15
Yalkim,1,14,15
MsPI1996,1,14,15
sgfjeibd,1,14,15
foutreardent,1,14,15
MadDog00312,1,14,15
NayamAmarshe,1,14,15
betablocker619,5,10,15
Alert-Foot-64,10,5,15
Enron_Musk,14,1,15
SpartaNNNN4,13,2,15
Futuristiccrypto,1,14,15
Acrzyguy,14,1,15
Einherjaren97,1,14,15
OHMAIGOSH,1,14,15
BaconWithBaking,1,14,15
VodkaHaze,1,14,15
justinmillerco,1,14,15
rodsn,1,14,15
WalkLikeAnEgyptian69,6,9,15
PaybackTony,2,13,15
erleichda70-,1,14,15
chickaboomba,1,14,15
phragmosis,1,14,15
discob0tt,1,14,15
TheCocksmith,3,12,15
Falldog,1,14,15
spinderlinder,1,14,15
Lestrade1,2,13,15
brianswichkow,1,14,15
JustMyOpinionz,3,12,15
brooklynlad,6,9,15
Hanzo_The_Ninja,1,14,15
leapinleopard,1,14,15
westphall,12,3,15
sybersonic,1,14,15
Hobpobkibblebob,1,14,15
PikaPikaDude,1,14,15
Nehemoth,1,14,15
_calm_bomb_,1,14,15
pseudorandombehavior,1,14,15
imagepoem,11,4,15
Ooozy69,1,14,15
99cells,1,14,15
webVerts,14,1,15
Forsaken-Spring-4114,1,14,15
DavidHall1,14,1,15
ravik_reddit_007,11,4,15
Mexicanuck,9,6,15
Greatoutdoors1985,1,14,15
EssentialParadox,1,14,15
NeptuneAgency,5,10,15
nachocouch,1,14,15
TrendBadger,10,5,15
lotec4,1,14,15
meowmeowarmy,4,11,15
itsfuturehelp,1,14,15
renatomello,3,12,15
lighthouse77,4,11,15
IrishTR,1,14,15
disoriented_llama,3,12,15
PM-ME-CUTE-TITTYS,1,14,15
DreGu90,11,4,15
liminal_sojournist,1,14,15
CentipedeBrows,2,13,15
Azidihaka,1,14,15
ryfi--,2,13,15
darksieth99,1,14,15
aJolc5gV,2,13,15
intoxicatednoob,1,14,15
Souled_Out,8,7,15
OfficerLovesWell,1,14,15
Imperial_12345,1,14,15
Flimsy-Union1524,14,1,15
WouldbeWanderer,11,4,15
ankermouse11,1,14,15
manu_justice,1,14,15
sadpanada,1,13,14
richij,1,13,14
Reality_Defiant,1,13,14
AjaxFC1900,2,12,14
lolklolk,2,12,14
SAT0SHl,2,12,14
Tinckerbel,1,13,14
Ok-Permission-3145,2,12,14
Hasby_pro,1,13,14
Lakailb87,1,13,14
bvierra,1,13,14
WutTheFuckIWokeUpOld,1,13,14
KamikazeChief,1,13,14
xXxHawkEyeyxXx,2,12,14
A-Do-Gooder,5,9,14
succachode,1,13,14
Glass_Match_3434,1,13,14
frosted_bite,9,5,14
ksandom,1,13,14
ryandarr1979,1,13,14
BBQCopter,4,10,14
MRAZOR12,1,13,14
KristofferSeemann,4,10,14
eddytony96,13,1,14
E420CDI,1,13,14
Srosenbz,2,12,14
garneringhope,5,9,14
EndLineTech03,3,11,14
Ice_Burn,4,10,14
ghostcatzero,1,13,14
Confident_Bison_7375,9,5,14
F0064R,1,13,14
dfgooner,6,8,14
blobfish997,1,13,14
jrcomputing,2,12,14
socookre,12,2,14
Dipluz,3,11,14
Sanlear,11,3,14
IMB451,9,5,14
insomnimax_99,7,7,14
oceanplum,2,12,14
dead10ck,2,12,14
SprawlWino,1,13,14
Cr3X1eUZ,1,13,14
uiuctodd,1,13,14
P-9_grinch,1,13,14
plazman30,1,13,14
GuturalHamster,4,10,14
PantsOnYourHead,1,13,14
mng8ng,7,7,14
soboi12345,7,7,14
atlienk,2,12,14
EfficientWorking1,2,12,14
driverguy8,1,13,14
Necessary_Tadpole692,3,11,14
Ok-Orchid5808,1,13,14
ITSigno,1,13,14
Ok_Morning3588,2,12,14
ianhillmedia,4,10,14
Ring_Lo_Finger,1,13,14
Economy_Stimulatorr,1,13,14
yaboiiiuhhhh,1,13,14
BenTom_,13,1,14
CarOnMyFuckingFence,1,13,14
Worried_Protection48,2,12,14
ChangingShips,2,12,14
Datdarnpupper,1,13,14
daltadka911,4,10,14
DoesntUnderstands,1,13,14
Cubezzzzz,7,7,14
AFLoneWolf,1,13,14
Magnedon,1,13,14
tirwander,1,13,14
TheMcG,1,13,14
The_Iceman2288,10,4,14
bulwynkl,1,13,14
Squarebearz,2,12,14
nwotnagrom,11,3,14
Couchpotato1999,1,13,14
TheGhostOfTzvika,12,2,14
amaxen,2,12,14
AgainstBigotry,9,5,14
GreaterAlligator,1,13,14
percybolmer,8,6,14
mcizz88,1,13,14
pistruiata,8,6,14
D3VF92,13,1,14
ladyem8,5,9,14
Monfonguito,4,10,14
johnmudd,2,12,14
fortune,2,12,14
tach,2,12,14
IndefinitelyLegal,7,7,14
PuterstheBallgagTsar,1,13,14
TheTelegraph,7,7,14
ICumCoffee,10,4,14
NotDMsForLife,12,2,14
notmythrowawayaccunt,1,13,14
DastyVillainpotra,5,9,14
kp_centi,1,12,13
dropkickflutie,2,11,13
sehtownguy,1,12,13
AlexanderLavender,1,12,13
Analogbuckets,1,12,13
blahyawnblah,1,12,13
favouriteitem,1,12,13
jawjanole,1,12,13
alvwg,7,6,13
Excellent_Froyo3552,1,12,13
StcStasi,4,9,13
Nachttalk,1,12,13
Eurotrashie,1,12,13
henrirousseau,1,12,13
nathan_thinks,2,11,13
-AMARYANA-,1,12,13
Captain_Smartass_,5,8,13
comefromspace,1,12,13
bro_anon42,2,11,13
jjenius731,1,12,13
Boonzies,1,12,13
Sachin_Nanayakkara,10,3,13
realTekendraParmar,12,1,13
BitCharacter1951,12,1,13
Icy-Salt-719,12,1,13
Meta-Stark,3,10,13
GhostOf_George_Floyd,1,12,13
Preoximerianas,1,12,13
38384,2,11,13
abhi_07,1,12,13
geordilaforge,1,12,13
ImJustaNJrefugee,3,10,13
AdamUllstrom,1,12,13
GreenTeaOnMyDesk,1,12,13
Progressiveandfiscal,1,12,13
bigmoof,1,12,13
seanadb,2,11,13
Afrin_Drip,1,12,13
MagoCrypto,12,1,13
jcrabapple,2,11,13
blinkxan,1,12,13
no1_vern,1,12,13
boundfortrees,1,12,13
blood_bag,5,8,13
anobserver101,5,8,13
taike0886,1,12,13
mookiebomber,2,11,13
michaelmclam,3,10,13
happy_bluebird,1,12,13
NYY657545,1,12,13
NorridAU,1,12,13
boingboingdollcars,1,12,13
SavingsTask,1,12,13
burtzev,8,5,13
MangoMind20,1,12,13
MedonSirius,1,12,13
LickingAssIsRimming,1,12,13
Fluffy_Morning_1569,1,12,13
420VHS,1,12,13
Ransacky,1,12,13
tokendasher,2,11,13
djwired,3,10,13
Electric_General,1,12,13
Asleep_Macaron_5153,1,12,13
allez-opi_omi,12,1,13
hawlc,11,2,13
Krazyscientist,12,1,13
Gouenji_Shuuya,2,11,13
AP24inMumbai,11,2,13
flaskman,1,12,13
fsnowdin,1,12,13
shane_4_us,3,10,13
TomatoCorner,1,12,13
kongweeneverdie,4,9,13
wallstreetbae,3,10,13
obvithrowaway34434,1,12,13
Intrepid_Whereas9256,3,10,13
justinCharlier,3,10,13
NoseCommercial7714,3,10,13
Silent_Purpose_3543,5,8,13
who_evenare_you,2,11,13
101RockmanEXE,1,12,13
Good-Values,3,10,13
SamualBrave,2,11,13
noraad,9,4,13
unknown_wtc,1,12,13
Dreid79,1,12,13
Astrikal,1,12,13
Pristine-Ad-469,1,12,13
Canopach,5,8,13
Totalgyan_45,11,2,13
kalel1980,1,12,13
Rehan-Shah786,1,12,13
Mission_Star5888,1,12,13
ncdlcd,2,11,13
NickDanger3di,1,12,13
wise0807,2,11,13
M1ldness,5,8,13
MazonnaCara89,1,12,13
SarsCovie2,1,12,13
WorseCommander,4,9,13
totallywhatever,1,12,13
FourandTwoAheadofMe,1,12,13
JimGusa808,2,11,13
Positive_Compote_506,2,11,13
Knight_of_the_Lepus,1,12,13
MrMike,11,2,13
GodOfUtopiaPlenitia,1,12,13
Aeromarine_eng,12,1,13
dumbledorky,1,12,13
Ali80486,1,12,13
LongArmChang,2,11,13
benjamari214,1,12,13
hennell,1,12,13
xsubo,1,12,13
Bemuzed,7,6,13
mertz3hack,1,12,13
Not_High_Maintenance,1,12,13
TheSkewsMe,3,10,13
Robert_Grave,1,12,13
JgdPz_plojack,2,11,13
drkooplovesme,2,11,13
J11ghtman,1,12,13
LibertyConMan,4,9,13
dethpicable,1,12,13
kaikoda,1,12,13
1Cloudz9,1,12,13
lamykins,1,12,13
Shanknuts,1,11,12
ValkorTahoe,1,11,12
Scoggs,1,11,12
OneiriaEternal,1,11,12
jupit3rle0,2,10,12
AvocadoLion,1,11,12
mudgts,1,11,12
adreamingandroid,5,7,12
Mister_Kurtz,1,11,12
chadi7,1,11,12
MasterfulBJJ,1,11,12
gogoman,5,7,12
neptune3790,1,11,12
mindracer,2,10,12
inaloop99,1,11,12
CommanderMcBragg,4,8,12
ImPinkSnail,2,10,12
lastchance,1,11,12
QQQult,7,5,12
jackasstacular,10,2,12
anarchistsRliberals,1,11,12
gone11gone11,1,11,12
thatsawce,8,4,12
jonredd901,1,11,12
SiliconValleyIdiot,3,9,12
cptnoblivious71,1,11,12
schoener-doener,1,11,12
USB-D,5,7,12
kimsaprincessllc,5,7,12
Wrinkled-Penny,1,11,12
ChrysocoIIaDawn,1,11,12
Arslankh93,7,5,12
blady_blah,1,11,12
Soapor,1,11,12
YouHaveTakenItTooFar,9,3,12
bryantmakesprog,3,9,12
alsu2launda,1,11,12
smithsammuel5,11,1,12
takatu_topi,1,11,12
snoofling,3,9,12
kenmlin,1,11,12
simplelifestyle,6,6,12
MaybeUnderTheBed,1,11,12
14MTH30n3,1,11,12
TombSv,2,10,12
grepnork,5,7,12
WafflezMan,1,11,12
The_Lord_Humungus,1,11,12
SpxUmadBroYolo,1,11,12
Single-Fix-8742,7,5,12
rsa861217,2,10,12
JollyGreenLittleGuy,1,11,12
DeclaringIndependenc,1,11,12
The_Comrade_Joe,2,10,12
mom0nga,4,8,12
the100rabh,1,11,12
lumpkin2013,7,5,12
memunkey,1,11,12
SuccessfulOperation,9,3,12
mankls3,5,7,12
No-Cantaloupe-7183,1,11,12
Disastrous-End7677,1,11,12
Fpscharles,1,11,12
RodrigoBarragan,1,11,12
Dreeg_Ocedam,5,7,12
Criticalma55,3,9,12
kingakrasia,1,11,12
JKUAN108,3,9,12
reddit1abc,9,3,12
VerlinMerlin,1,11,12
GlayNation,1,11,12
theindependentonline,7,5,12
miixms,3,9,12
explodeder,1,11,12
StoicOptom,2,10,12
Cheesecakethin20,1,11,12
Skullpt-Art,1,11,12
Rad1t,9,3,12
YouKilledMyTeardrop,1,11,12
I_SAY_FUCK_A_LOT__,1,11,12
skarama,1,11,12
SotiresZ,1,11,12
TransATL,1,11,12
bukowski_knew,1,11,12
Jakesully2009,2,10,12
BostonPanda,1,11,12
thedragonslove,1,11,12
cultnicker,5,7,12
BehindTheRedCurtain,2,10,12
sharkirony,1,11,12
fantompwer,1,11,12
mustafanajoom,1,11,12
LukeIsAPhotoshopper,1,11,12
Tiny_Quail3335,1,11,12
sir-saladin,2,10,12
PrincipledInelegance,1,11,12
wandomPewlin,1,11,12
hashtags-and-popcorn,1,11,12
jelloshooter848,4,8,12
ernestoraulperez,1,11,12
TugTigaPoonsPontoon,1,11,12
peter_bolton,9,3,12
No_Wish2202,2,10,12
KingElfTacoScatBarge,1,11,12
Snardley,11,1,12
Dooraven,1,11,12
Maulvorn,3,9,12
mixplate,6,6,12
Daggmaskar,1,11,12
prime_nommer,2,10,12
simonjp,1,11,12
Creepy_Toe2680,7,5,12
DSGX,7,5,12
FlyingSquirrel1919,1,11,12
Chatty_Fellow,1,11,12
After-Win-691,10,2,12
Equivalent-Win-1294,1,11,12
junglingforlife,1,11,12
Adam_Gill_1965,2,10,12
ML_Firefighter,9,3,12
mrkvsenzawa,1,11,12
mattewmilo,11,1,12
j1ggy,1,11,12
One_Rook,2,10,12
Imprizyn,1,11,12
rezaansari562,1,11,12
bundleogrundle,1,11,12
helpmeredditimbored,3,9,12
grey_sky,1,11,12
Stomatin,3,9,12
Blue_Is_Really_Green,4,8,12
MlohCram,1,11,12
bphilly_cheesesteak,1,11,12
redproxy,1,11,12
damianTechPM,1,11,12
SnoozeDoggyDog,9,3,12
ChickFleih,7,5,12
bilby2020,1,11,12
foofork,1,11,12
ajcoll5,2,10,12
kenshen,2,10,12
CryptoChief,2,10,12
RaiseRuntimeError,1,11,12
eightpack8888,2,10,12
strokeright,2,10,12
Chaos4Link,1,11,12
Spiritual_Navigator,2,10,12
RGB3x3,1,11,12
BernyMoon,2,10,12
JeffRSmall,1,11,12
PandaReal_1234,1,11,12
ForeignAffairsMag,11,1,12
Erik_Feder,10,2,12
jamesj,1,11,12
1991viet,8,4,12
CanonNobara,3,9,12
theatlantic,6,6,12
jevonsen,7,5,12
Capta1nRon,1,10,11
Apollo-board,1,10,11
endoftheroad1938,1,10,11
whenitpours3,1,10,11
luckyj,1,10,11
Daedalcipher,6,5,11
ObamaEatsBabies,2,9,11
robml,1,10,11
KKOTTE,3,8,11
midsummer666,1,10,11
Hegemon1984,2,9,11
jstohler,1,10,11
Side_Several,1,10,11
Its-a-Fugazi,3,8,11
blihk,1,10,11
Celica_Lover,1,10,11
Fredyum,1,10,11
bladexp210,4,7,11
strainthebrain137,1,10,11
fossroxx,1,10,11
BluesFireDragon,2,9,11
Jacksharkben,4,7,11
bloomberglaw,9,2,11
-Deadlocked-,8,3,11
x101y,10,1,11
shanoshamanizum,2,9,11
Vagris,1,10,11
popemichael,1,10,11
deftware,3,8,11
GeneralCommand4459,2,9,11
AstroCookieGalaxy,4,7,11
werksquan,4,7,11
iphone_XXX,1,10,11
Badditor90,3,8,11
blazingkin,2,9,11
GreyBeardWizard,10,1,11
KarlOveKnau,10,1,11
lifeversace,1,10,11
downvoteandyoulose,1,10,11
nanoubik,4,7,11
sld126,1,10,11
GripSecret,6,5,11
tomatus89,5,6,11
HarmonyQuinn1618,1,10,11
a-horse-has-no-name,1,10,11
ezbnsteve,1,10,11
No-Wolverine2973,4,7,11
pointson,1,10,11
eldrichride,1,10,11
AccomplishedHornet5,1,10,11
xd1936,2,9,11
Powerfucking5000,1,10,11
acreakingstaircase,1,10,11
Ayrane,5,6,11
rustyfinch,1,10,11
Habenerogangsta,1,10,11
ManiacMango33,2,9,11
Queen__Antifa,1,10,11
AnyStupidQuestions,1,10,11
ForHidingSquirrels,4,7,11
JohnSith,3,8,11
neverleaving2023,1,10,11
Additional-Escape498,1,10,11
A3H3,8,3,11
PineappleNo4448,3,8,11
PorkyPigDid911,2,9,11
gangsteroflove1,1,10,11
yobby928,1,10,11
Dr_Legacy,1,10,11
milkfiend,1,10,11
mdnNSK,1,10,11
evandijk70,2,9,11
ken27238,1,10,11
Manception,2,9,11
deltatango90,3,8,11
kidkolumbo,3,8,11
doofleton,5,6,11
ptitrainvaloin,2,9,11
Business-Promise637,1,10,11
HLASM-S370,2,9,11
dinozaur2020,7,4,11
AlwaysTheNoob,4,7,11
ftrlvb,1,10,11
stinkbugsinfest,1,10,11
datamigrationdata,5,6,11
antarickshaw,1,10,11
jb4647,1,10,11
leonffs,1,10,11
eustachian_lube,1,10,11
AlphaAJ-BISHH,1,10,11
laurenashley721,1,10,11
Goldmann_Sachs,2,9,11
bhight3,2,9,11
cheesecrustmsg,5,6,11
AndrewTheAverage,2,9,11
Environmental_Ad_387,1,10,11
1r0ut3,7,4,11
I-still-want-Bernie,1,10,11
pwap_official,2,9,11
fattywinnarz,1,10,11
ObtainSustainability,8,3,11
LosIsosceles,6,5,11
PlasticCandles,3,8,11
Skippy27,2,9,11
DumbChocolatePie,2,9,11
phileconomicus,4,7,11
Money-Boysenberry-16,1,10,11
kitsune,1,10,11
magicaxis,1,10,11
Chickens1,1,10,11
erwinca,1,10,11
1min-ago,2,9,11
abhbhbls,2,9,11
ourari,7,4,11
BabyYoduhh,1,10,11
RelativelyUnruffled,2,9,11
burningmonk,1,10,11
Brunooflegend,1,10,11
DocWaterfalls,2,9,11
MoonWynd,2,9,11
jnlake2121,1,10,11
ddoherty958,1,10,11
Unicorn_Spacesuit,2,9,11
kittenpantzen,1,10,11
thispickleisntgreen,10,1,11
Speeider,2,9,11
elycamp11,1,10,11
Change_petition,1,10,11
Acceptable_Result192,2,9,11
Zomaarwat,4,7,11
ninjamammal,1,10,11
Markdd8,2,9,11
GoldenHourTraveler,1,10,11
disquiet,1,10,11
Scaramuccia,1,10,11
Trendgenics,9,2,11
SupeRFasTTurtlE2,1,10,11
aaa4000,2,9,11
reelclasskona,10,1,11
markcartertm,10,1,11
StrongInteraction594,10,1,11
MaiZa01,1,10,11
meowroarhiss,1,10,11
Ashleywave14,6,4,10
Smithman,2,8,10
rem1473,1,9,10
wellwildljh,2,8,10
Ok_Month1559,2,8,10
amazingbollweevil,1,9,10
Dazza477,1,9,10
ironicart,1,9,10
AllAboutEventTech,5,5,10
Dino_567,1,9,10
usernetpage,1,9,10
SurelyNotASimulation,1,9,10
Jisifus,2,8,10
Few_Advertising_568,1,9,10
ThunderElectric,1,9,10
Aschebescher,2,8,10
AdFun5572,1,9,10
Razzooz,1,9,10
Birkanismyname,9,1,10
Professional-Fuel625,2,8,10
D-Honey,1,9,10
funkyandros,1,9,10
Noujiin,1,9,10
Man_in_the_uk,1,9,10
AnalogDan,1,9,10
marktheoneiknow,1,9,10
ImHighOnCaffeine,1,9,10
odix,1,9,10
eddyizm,1,9,10
Av1dredditor,5,5,10
CutoffThought,1,9,10
jpc4stro,9,1,10
Charryben1422,1,9,10
isaiahaguilar,1,9,10
Jalenp00,1,9,10
itsapolloo,2,8,10
TurretLauncher,6,4,10
send2s,9,1,10
ThereBeGold,3,7,10
Vendor_question_pain,5,5,10
brunnock,2,8,10
ionised,4,6,10
pikindaguy,1,9,10
PaulMorphyForPrez,1,9,10
Yvwh3,3,7,10
atomicspace,2,8,10
theatreeducator,1,9,10
Litz1,1,9,10
gg_59937,1,9,10
JohnConquest,1,9,10
marilyn_mansonv2,6,4,10
nyroshan,6,4,10
DirectionNo420,1,9,10
whacim,2,8,10
DolourousEdd,1,9,10
pishposhpoppycock,1,9,10
FlamingoFarts4You,1,9,10
lolichaser01,1,9,10
OOOOOO0OOOOO,1,9,10
Salted_Butter,2,8,10
Matriseblog,7,3,10
nkunzi,1,9,10
128e,2,8,10
the_flys_fly,2,8,10
sepehr_brk,1,9,10
DavidWallace_CFO,5,5,10
Willbcrypto,1,9,10
badgerette86,1,9,10
tophatthis,8,2,10
myphotographing,1,9,10
Pizza-pen,1,9,10
red_carpet_magic,1,9,10
muan2012,2,8,10
brutalanglosaxon,1,9,10
RefrigeratorInside65,1,9,10
LonelyContext,1,9,10
GanGa,3,7,10
mnggnm,2,8,10
Nitorblog,9,1,10
Throwaway567864333,2,8,10
mrajoiner,1,9,10
steve303,1,9,10
Horseman_,1,9,10
Electr0m0tive,1,9,10
azrael6947,1,9,10
Chicaben,1,9,10
tensor20007,1,9,10
Gizmoed,1,9,10
Alex5899,7,3,10
kanooker,1,9,10
Tiiiimmmooo,1,9,10
Raging_Butt,1,9,10
sundler,8,2,10
soccerburn55,1,9,10
TikiTemple,2,8,10
soaboz,1,9,10
leobrazuka,2,8,10
AsherBaels,1,9,10
San_Goku15,1,9,10
RonaldYeothrowaway,2,8,10
Don_Gato1,1,9,10
EB123456789101112,3,7,10
No-Bid-6050,1,9,10
NkdUndrWtrBsktWeevr,2,8,10
Magister_Xehanort,8,2,10
LivingLegend8,1,9,10
theaxelalex,1,9,10
DOGETHEEGOD,1,9,10
2noame,1,9,10
lemon_bottle,6,4,10
--dany--,1,9,10
doughmang7d7,1,9,10
DeliciousGizmo,5,5,10
dustale08,2,8,10
varun1102030,8,2,10
fishfetcher_anaconda,8,2,10
keshfr,3,7,10
hidden-47,1,9,10
oxxoMind,1,9,10
InvisibleBlueUnicorn,3,7,10
Thuban,4,6,10
wan2tri,1,9,10
freespirit2016,4,6,10
donmanzo,1,9,10
1Northward_Bound,1,9,10
dep,1,9,10
TsujiLeague,1,9,10
ombx,4,6,10
ArfurRatt,1,9,10
arnpotato,1,9,10
These-Assignment-936,1,9,10
Crypt-B,2,8,10
HarryPoland,9,1,10
heliumargon,1,9,10
User_Name13,7,3,10
WildfireTechGuy,2,8,10
SuggestionKey2038,1,9,10
huey_and_riley,4,6,10
TwasAnChild,7,3,10
alexdgrate,1,9,10
inde_,4,6,10
MCurry8,1,9,10
bytebl,6,4,10
jwoodsutk,1,9,10
Au_Struck_Geologist,1,9,10
doors_2,6,4,10
johnabbe,3,7,10
InfiniteChallenge99,1,9,10
proboscisjoe,1,9,10
HeroAntagonist,2,8,10
YouCanLookItUp,1,9,10
stinkyf00,1,9,10
AmarHassan1,2,8,10
onee_winged_angel,2,8,10
nigelthornberrynose,1,9,10
tiller6100,1,9,10
doubleFisted33,2,8,10
AtariRiot66,1,9,10
Purr-box,1,9,10
CantGet-Enough,3,7,10
chriswick48,5,5,10
Double-Anteater228,4,6,10
itrustpeople,7,3,10
PATCH_THE_ABUSE,6,4,10
Blinky_,1,9,10
monkee67,1,9,10
Hellahoomps,1,9,10
jjaym2,1,9,10
memento_mori_1220,1,9,10
_DEAL_WITH_IT_,9,1,10
OnlineCourage,1,9,10
draoiliath,1,9,10
sjwbollocks,2,8,10
ChumbaWambah,2,8,10
PhantomHeartBraker,2,8,10
ExtremeComplex,1,8,9
alexandros87,1,8,9
Zimavishon,2,7,9
kenlbear,1,8,9
truthhonestmessaging,3,6,9
MIddleschoolerconnor,3,6,9
Ok_Student_5332,1,8,9
varnaa123,1,8,9
Kilvanoshei,1,8,9
scrat-squirrel,1,8,9
Staticoli,1,8,9
1.0111E+13,1,8,9
Empty-Entertainer-42,2,7,9
Banjo_bit_me,2,7,9
mrcmnstr,1,8,9
ThrowAway769101,1,8,9
Cheesecake338,2,7,9
GanimetYT,2,7,9
UGMadness,1,8,9
ChubbyWanKenobie,1,8,9
in-lespeans-with-you,1,8,9
mcmeaningoflife42,1,8,9
AeRiaL_z2,1,8,9
zoeGodPixXL,1,8,9
SecretCrockpot,1,8,9
Phlarfbar,1,8,9
Kage159,1,8,9
reddskeleton,1,8,9
MrNewVegas2077,4,5,9
Biffsbuttcheeks,1,8,9
PadawanTrade,1,8,9
XiLongHusk,1,8,9
SS2602,1,8,9
ArchDirective,1,8,9
daviddiaz891987,3,6,9
Insideec,7,2,9
Winter_Criticism_236,2,7,9
xdNiBoR,1,8,9
Candid-Ad7897,4,5,9
Taktaz1,1,8,9
carlosvega,1,8,9
ThaCarter,1,8,9
Tweho,3,6,9
King_x_Ironside,1,8,9
crazyhorse991,8,1,9
aglagw,1,8,9
MainStreetMoneyMan,3,6,9
hussmann,8,1,9
checkmak01,8,1,9
thisisjas9n,8,1,9
Happyhguru,2,7,9
hotpost69,1,8,9
ccraddock,1,8,9
Muckraker9,1,8,9
blamdin,1,8,9
lulzForMoney,3,6,9
ryderr9,1,8,9
Jbikecommuter,2,7,9
Salty-Moment-65,1,8,9
ragnarokfps,1,8,9
FLAlex111,8,1,9
RangeroftheIsle,2,7,9
Jamessuperfun,1,8,9
Alextricity,1,8,9
badboyant,3,6,9
marfes3,1,8,9
rgm2073,1,8,9
culman13,1,8,9
ewe_r,1,8,9
alexanderwanxiety,2,7,9
alanwong,7,2,9
subsonico,2,7,9
Dylan-Baddour,3,6,9
Gold_Talk_732,5,4,9
campuscodi,5,4,9
SteveFrenchie,3,6,9
4inalfantasy,5,4,9
Oscuridad_mi_amigo,6,3,9
ProfessorEkim,5,4,9
Massive_Parsley_5000,1,8,9
futureproofable,3,6,9
BeneficialEngineer32,2,7,9
colenotphil,1,8,9
alistair1537,1,8,9
Express_Hyena,1,8,9
dagsmurphy1984,1,8,9
HumanOrAlien,2,7,9
Longjumping_Can_5692,1,8,9
mrcanard,5,4,9
shamansufi,5,4,9
iamaneditor,2,7,9
vingeran,1,8,9
0210-,1,8,9
SergeantSalamii,1,8,9
JungleJuggler,6,3,9
ASM-DigitalRenegade,5,4,9
just--keep--swimming,7,2,9
Karma_Crave,7,2,9
BlamingBuddha,1,8,9
Khaliyabrothers,6,3,9
donnygel,8,1,9
That-Bridge-lock,3,6,9
Acrobatic_Baker_4713,8,1,9
GliTHC,1,8,9
IBeatUpLiamNeeson,2,7,9
wappleby,1,8,9
luxtechy,2,7,9
nellmarie91,3,6,9
BMW_wulfi,1,8,9
MisterBaked,1,8,9
cmt_miniBill,1,8,9
sim04ful,1,8,9
Heffeweizen,1,8,9
SisyphusAmericanus,1,8,9
Zelectro,1,8,9
TheKingHippo,1,8,9
jimjim975,1,8,9
paradoxologist,1,8,9
John-Galt-Lover,2,7,9
dkhunapun,2,7,9
NoorJehan2,1,8,9
scary_biscott,1,8,9
luag,4,5,9
Gigabab3,1,8,9
provocative_bear,1,8,9
TheForager,6,3,9
Gamma_Supernova,1,8,9
Crypto_Table,2,7,9
gehirnnebel,1,8,9
that_gay_alpaca,1,8,9
SatrangiSatan,7,2,9
Dark_DoubleD,1,8,9
retek,4,5,9
iop9,6,3,9
Alternative_Act2110,1,8,9
Imperator_3,1,8,9
digitalPhonix,1,8,9
WhiskyRick,2,7,9
atoponce,3,6,9
GarlicCornflakes,6,3,9
JobiPlayer,6,3,9
Techllamaandcat,7,2,9
KukaVex,1,8,9
flyingdutchgirll,6,3,9
NoOtherLeft,5,4,9
redkemper,7,2,9
escanorlegend,4,5,9
GoodWillHunting_,4,5,9
Mahony0509,3,6,9
svetambara,1,8,9
heathfx,1,8,9
henry_gindt,8,1,9
gmb92,1,8,9
Sweetxdecay,4,5,9
InfiniteHench,1,8,9
bryschmi,1,8,9
userr_91,1,8,9
sp3zzz_,2,7,9
LeadingApartment1554,1,8,9
Moonschool,5,4,9
kerpowie,1,8,9
jointhedomain,1,8,9
ketaminejunkie1337,1,8,9
Yendis4750,1,8,9
Revolutionary_Many31,1,8,9
pwillia7,4,5,9
drkuttimama,1,8,9
LiveTee,2,7,9
PartDirect,1,8,9
FortuitousAdroit,7,2,9
KevinAdamo,1,8,9
faustianbargainer,1,8,9
TunakYourLastTun,1,8,9
PabuNaga,1,8,9
Deshes011,3,6,9
Pure_Candidate_3831,5,4,9
photoshopstradamus,1,8,9
_Fried_Egg_,1,8,9
lankanmon,2,7,9
Icare2little,1,8,9
GeriatricJohnny,1,8,9
Fit-Asparagus8557,1,8,9
Then-Ad-6559,1,8,9
fun4thewholefamily,1,8,9
sketchmasterstudios,1,8,9
Earth0fL0ve,3,6,9
Mello__Hello,2,7,9
Twinkies100,2,7,9
khalmagman,8,1,9
BlitzOrion,8,1,9
35quai,3,6,9
Technology342,4,5,9
BendyFry,1,8,9
chonker200,6,2,8
Interesting-Luck-227,2,6,8
i_am_bartman,2,6,8
EekleBerry,1,7,8
wisi_eu,4,4,8
Terrible-Ad-5422,1,7,8
Laws_Laws_Laws,1,7,8
collina,2,6,8
Obvious-Health-291,2,6,8
Mysterious----,1,7,8
Professional_Ad_8536,1,7,8
sillysaltire,2,6,8
retroanduwu24,2,6,8
RazsterOxzine,1,7,8
Galeander,2,6,8
RaunakA_,4,4,8
brefromsc,3,5,8
Seeker_Of_Toiletries,1,7,8
Envyforme,1,7,8
LinuxF4n,1,7,8
UberActivist,1,7,8
OkOrdinary5299,2,6,8
alphawanseven,2,6,8
acacia-club-road,7,1,8
_googlefanatic_,6,2,8
Jjcasta,1,7,8
zelru2648,1,7,8
Billbill36,3,5,8
Bobtonews2,4,4,8
SolidAd2342,1,7,8
amandaclarrkson,2,6,8
afternooncrypto,5,3,8
MagusTools,7,1,8
millerstavern,2,6,8
WoundedKnee82,1,7,8
SaltyPrinciple,2,6,8
vitorhm,2,6,8
cyberpunk6066,4,4,8
desert-mirage,1,7,8
GiuseppeMercadante,3,5,8
markmuetz,1,7,8
Castlefree43,5,3,8
Roadside-Strelok,2,6,8
Ok_Physics_2932,2,6,8
baseilus,1,7,8
blademan9999,7,1,8
BeautyInTheNegitive,5,3,8
Kooker321,2,6,8
John_Parlet,6,2,8
Accomplished_Tear493,7,1,8
kowalsky9999,7,1,8
ColGuano,1,7,8
theoneandonlymd,1,7,8
im_sauravsinha,7,1,8
jeffthechimp,7,1,8
logan6656663,1,7,8
457655676,7,1,8
Major_Bandicoot_3239,2,6,8
ScoMoTrudeauApricot,7,1,8
robust_nachos,1,7,8
Normalguy-of-course,1,7,8
lateeveningthoughts,1,7,8
damasu950,1,7,8
jorgesgk,1,7,8
Tetizeraz,1,7,8
Marha01,2,6,8
2old-you,4,4,8
dontchewspagetti,1,7,8
doctor6,1,7,8
Depth_Magnet,1,7,8
ExMundanis,7,1,8
ParachutedOut,2,6,8
josi13,5,3,8
dashanan,1,7,8
JahDanko,1,7,8
DataStaples,3,5,8
TechGuy95,3,5,8
eri_18,2,6,8
iNEEDheplreddit,1,7,8
CynicusRex,1,7,8
Thebuguy,1,7,8
CartographerLivid834,2,6,8
outsourced_bob,1,7,8
Joe_Anselm,4,4,8
Dymonika,1,7,8
Madame_President_,7,1,8
trakk3,1,7,8
jarkaise,3,5,8
Anxious_Impression17,1,7,8
bytecollision,1,7,8
daniloedu,1,7,8
daniesza,1,7,8
PolishSoundGuy,1,7,8
Piano_Fingerbanger,1,7,8
angelicamendas29,1,7,8
thatshirtman,7,1,8
NOT-JEFFREY-NELSON,1,7,8
floppingsets,1,7,8
Enzo-chan,2,6,8
JadedagainNZ,2,6,8
pilot2031,4,4,8
00EvilAce,4,4,8
Empibee,2,6,8
jikesar968,2,6,8
_and_I_,1,7,8
schwachs,7,1,8
GIThrow,2,6,8
Working_Dealer_5102,6,2,8
freddledgruntbugly,7,1,8
stepover7,5,3,8
Cyruslego,5,3,8
katylady405,5,3,8
idanthology,5,3,8
jmdugan,1,7,8
gojira-is-real,1,7,8
PrinceofVanNuys,1,7,8
cannonhawk,1,7,8
SIOYGYG,1,7,8
bonydogfarts,1,7,8
Designer-Response858,2,6,8
theodo,1,7,8
frost5al,1,7,8
gotchaday,2,6,8
yipchow,4,4,8
shaolinpunks,1,7,8
kee-mosabe,2,6,8
eadcda,3,5,8
yudatheboss,1,7,8
PulitzerPrice,4,4,8
ProFox420,1,7,8
Mobalise_Anarchise,2,6,8
Limekiller,1,7,8
Successful-Aide3077,6,2,8
MattBurnes,2,6,8
Comfortable_Text,1,7,8
outkast2,1,7,8
readndrun,2,6,8
mattfromseattle,2,6,8
scott_mage1,1,7,8
ZaZaMood,1,7,8
ShadowMask87,1,7,8
fairlix,1,7,8
GadgetanyUS,3,5,8
Film_Scholar,1,7,8
Primary-World-1015,3,5,8
carrick1363,7,1,8
huge_throbbing_pp,1,7,8
Newbie443,1,7,8
__sys_out_println__,1,7,8
TheycallmeElTigre,1,7,8
Googol_Org,3,5,8
dylan522p,2,6,8
sorotoby,4,4,8
Arjun_Pandit,1,7,8
isit5pmnyet,1,7,8
bikinireef,1,7,8
Hob-999,6,2,8
Complex_Price_8460,2,6,8
CipherDegree,1,7,8
chrisupt2001,1,7,8
eastbayted,5,3,8
amirsadeghi,7,1,8
049at,1,7,8
Wikikiki-com,3,5,8
zeldestein,4,4,8
Fr33-Thinker,1,7,8
InfoOnAI,1,7,8
bledik,7,1,8
ThisPlenty2375,3,5,8
Falcon007_rb,2,6,8
surfdad64,1,7,8
ghostpepperwings,1,7,8
Mistermayham23,1,7,8
7MCMXC,7,1,8
welk101,1,7,8
Shiirooo,1,7,8
kerkula,1,7,8
makarmackinnonstan,1,7,8
OkDelay5,1,7,8
sauga1967,1,7,8
Thenerdy9,1,7,8
kingkrishgaming,1,7,8
boundarychimps,1,7,8
youessbee,1,7,8
R3NZI0,1,7,8
jack__191,4,4,8
Drumlin,3,5,8
Apprehensive_Bug_826,2,6,8
xcb5,1,7,8
euphem1sm,1,7,8
Witn,1,7,8
Try2Relate2AllSides,1,7,8
Boo-it,3,5,8
reps_up,5,3,8
GullyShotta,5,3,8
freddy_rumsen,1,7,8
JLBesq1981,4,4,8
unculturedalienrebel,1,7,8
FalconRound3514,2,6,8
Thenwhyaskwhy-O_o-,2,6,8
William_John_k,7,1,8
hobyvh,4,4,8
WowzaFella,1,7,8
ElectricMan324,1,7,8
reddittrollguy,1,7,8
I-melted,1,7,8
theusefulRedditor,1,7,8
Showaaeb,7,1,8
branstarktreewizard,1,7,8
Isaiahinc1,4,4,8
ConsistentComment919,6,2,8
pluram,7,1,8
krazyalbert,1,7,8
solveig82,2,6,8
USS_Donald_J_Trump,3,5,8
Dry_Echidna269,6,2,8
quichemiata,1,7,8
suavecool21692169,3,5,8
gray4444,4,4,8
Healthy_Block3036,5,3,8
thehunter699,1,7,8
HarmoniousDroid,1,7,8
Blockchain_Benny,1,7,8
Significant_Prune_33,4,4,8
Anchit107,7,1,8
Bebe718,1,7,8
Knight_Alfa,7,1,8
retardfull69,7,1,8
the_buddhaverse,1,7,8
thetech_learner,7,1,8
science-raven,3,5,8
eggheadking,1,7,8
HarpuasGhost,7,1,8
geekteam6,7,1,8
Faps_With_Fury,1,7,8
EmperorOfNada,2,6,8
TheSeekerAround,1,7,8
Vardaan147,7,1,8
FireFright8142,1,6,7
Undertaker17,1,6,7
Sydney2London,1,6,7
ben-zme,1,6,7
wazobia9ja,6,1,7
EastHillWill,1,6,7
Alastair789,4,3,7
drawingthesun,2,5,7
afantasma,2,5,7
datwolvsnatchdoh,1,6,7
And_yet_here_we_are,1,6,7
North-Tangelo-5398,2,5,7
danyork,3,4,7
PuckyMaxx,3,4,7
chiefwigums,2,5,7
ProductVisual5719,1,6,7
magmasafe,1,6,7
thedarklord176,1,6,7
alibradford,3,4,7
awsawsaWSDE,1,6,7
elfbeans,1,6,7
thekidunderpanic,6,1,7
justcasty,1,6,7
WessonRenick,2,5,7
xqcgreek,6,1,7
sopack,1,6,7
demouseonly,1,6,7
SPRUNTastic,1,6,7
intergalactic512,2,5,7
The_Zany_Cartoonist,5,2,7
General-Legoshi,1,6,7
Noob_yolo,1,6,7
GallantChaos,1,6,7
bachleder,1,6,7
theradek123,2,5,7
Amelia_1232,2,5,7
dwilson2547,1,6,7
badalchemist85,1,6,7
OkHistory777,1,6,7
the_rancur,1,6,7
jayone2525,1,6,7
World_of_Warshipgirl,1,6,7
Disruptor_Stocks,2,5,7
TallAssociation0,6,1,7
__forever_curious,3,4,7
coffee_addict3d,1,6,7
sdsanth,1,6,7
puntloos,1,6,7
karpomalice,1,6,7
Choice-Standard-775,4,3,7
grey_rock_method,1,6,7
Mitch_conner34,2,5,7
firstcruiser,1,6,7
bjorn_cyborg,1,6,7
Not-W-1134,2,5,7
MithrasReddit,5,2,7
rustytoerail,1,6,7
WerewolfHaunting8302,6,1,7
Alternative-Owl2512,1,6,7
Darzanak,1,6,7
OregonTripleBeam,2,5,7
ArielzNas,3,4,7
GodToldMe2SayThis,1,6,7
iamtherealmod,6,1,7
Imaginary_Emu3462,5,2,7
rugbyvolcano,4,3,7
dreamersonder,3,4,7
THISISNOTLEGAL,1,6,7
Morto1989,2,5,7
devletmillet,6,1,7
SE_US_Official,5,2,7
Sol_Hando,1,6,7
Steve____Stifler,1,6,7
kaushikz,4,3,7
BoldMiner,1,6,7
dontgive_afuck,1,6,7
Good_Force1844,1,6,7
maxsitailo,3,4,7
Mr_Voltiac,1,6,7
DinoGuy2000,1,6,7
46151,1,6,7
harsh2k5,6,1,7
rrakesharmaa,4,3,7
RafeeJ,1,6,7
waynerooney501,1,6,7
p_m_a,1,6,7
TypicalActuator0,2,5,7
skaboss241,1,6,7
CptVimes,1,6,7
PlaydoughMonster,1,6,7
MasterpieceFit6715,2,5,7
3-46pm,1,6,7
XtraPoint70,5,2,7
NefariousnessHead414,5,2,7
sorayanelle,2,5,7
idiomech,1,6,7
SchottGun,1,6,7
woodchuckgym,1,6,7
Stansmith1133,5,2,7
zino3000,1,6,7
daileyjd,1,6,7
Faelix,1,6,7
jake_nordigen,3,4,7
Hellohihi0123,2,5,7
thenewrepublic,3,4,7
3InchesOfThunder,1,6,7
lucydogg,1,6,7
Puzzled-Bite-8467,1,6,7
Accomplished_Truth56,1,6,7
hotdwag,1,6,7
Drizzt1990,1,6,7
maymaynibba,1,6,7
c0viDOMME,6,1,7
p8pes,2,5,7
vax_mzn,1,6,7
1oarecare,4,3,7
dashdevs,4,3,7
King_Shami,2,5,7
Aashish_Thapa,2,5,7
John-The-Bomb-2,4,3,7
869066,1,6,7
dionVy,1,6,7
Comfortable_Ad5713,5,2,7
E_Falcon,5,2,7
TerranFish,2,5,7
drcpanda,3,4,7
HealthMotor8651,3,4,7
Tompthrowaway345432,1,6,7
homerq,1,6,7
lildocta,1,6,7
Stonyclaws,1,6,7
justcool393,3,4,7
CCDemille,3,4,7
ReggieLab,6,1,7
stanxv,6,1,7
cvvdrops,1,6,7
Fhassan47,1,6,7
shinxmon,1,6,7
EvilVegetable9000,1,6,7
MrBanana21,1,6,7
ZeroIn_Tech,6,1,7
Wolf515013,1,6,7
GHAZIS,2,5,7
McSnoo,4,3,7
DarronFeldstein,2,5,7
One-Pin-6926,6,1,7
dinesh115599,2,5,7
Thestockbroker22,1,6,7
AuthenTosh,1,6,7
noicegc,1,6,7
Racist_FemboyV2,3,4,7
farekrow,1,6,7
---Sanguine---,1,6,7
AyeAyeLtd,1,6,7
WoshJills,1,6,7
BigNoisyChrisCooke,1,6,7
AlyoshaV,1,6,7
engrav,1,6,7
callmecrazydave,3,4,7
rostyclav999,1,6,7
Doomathemoonman,1,6,7
blackdevil32,4,3,7
TheWrapOfKhan,1,6,7
Act_Serious,2,5,7
PizzaAndTacosAndBeer,1,6,7
ankcr003,2,5,7
preppythugg,5,2,7
wqu06,5,2,7
Steelyp,1,6,7
txiao007,3,4,7
casualphilosopher1,2,5,7
iuthnj34,1,6,7
CartographerNo636,1,6,7
SnooCookies2243,3,4,7
6jarjar6,1,6,7
Foreign-Smoke6103,3,4,7
smas8,1,6,7
mstech2136,4,3,7
Chapungu,2,5,7
CattleIllustrious705,4,3,7
muee88,1,6,7
Aintbad4u,1,6,7
johnkoetsier,1,6,7
bevin0708,2,5,7
PM_ME_UR_DICK_GURLZ,1,6,7
LondonPilot,2,5,7
Madridsta120,1,6,7
Corgana,5,2,7
technose-20,6,1,7
greatestmofo,1,6,7
Green-Future_,4,3,7
ItsMiggity,1,6,7
tanyanhao96,6,1,7
sarabada,1,6,7
ibibble,2,5,7
whomstd-ve,1,6,7
chunkylover5E,1,6,7
LordBadminton,2,5,7
poxenham,1,6,7
Iam_0k_Btw,6,1,7
nibras_blogger,6,1,7
ajenn22,2,5,7
spishackman,1,6,7
goodpartner520,1,6,7
Megha_Verma,3,4,7
TheCraftBrew,1,6,7
aquaqlabs,5,2,7
kuasha7,2,5,7
mbjelonic,5,2,7
HuVai_007,5,2,7
PitoPlankton3415,1,6,7
iam_mustafa,2,5,7
Remarkable_Choice342,6,1,7
HsuRon,1,6,7
1percentof2,1,6,7
skonats,4,3,7
Lord_Sstar,4,3,7
smolpp12345,3,4,7
dv2811,5,2,7
Top-Organization-124,2,5,7
No-Honeydew-3070,5,2,7
qwerty12345qazwsx,1,6,7
Cloudly-so,4,3,7
SSgtYork,2,5,7
Rhaegar_the_Great,1,6,7
brandyellen123,4,3,7
IDrinkPennyRoyalTea,1,6,7
techsinger,3,4,7
cataractum,1,6,7
hotcakes,1,6,7
winnerdanny7,1,6,7
danhakimi,1,6,7
modyghandoor,4,3,7
ParkerWHughes,1,6,7
netfortius,5,2,7
ogobeone,2,5,7
conancat,1,6,7
KendraMontgomery,1,6,7
fk4cyl,5,2,7
Flelk,2,5,7
Sinemetu9,1,6,7
eorld,3,4,7
InnermostThots,1,6,7
0x611b,1,6,7
No_Comment_613,1,6,7
makoadog,1,6,7
Kamelasa,1,6,7
SiNiquity,1,6,7
darkestone7,1,6,7
ExoticStress1,1,6,7
Hetty_Official,3,4,7
ednice,1,6,7
Pleaseoofmealready,4,3,7
MediocreAd4418,3,4,7
OrangeFail,1,6,7
GeT_Tilted,1,6,7
Skywalker_1881,2,5,7
sophisticatedemeanor,3,4,7
salawm,1,6,7
schizoduckie,1,6,7
RoarkeC,2,5,7
ScootSchloingo,1,6,7
SebastianPatel,3,4,7
ShwetaSharma1220,1,6,7
LicoriceSucks,2,5,7
rachzera,2,5,7
Mysterious-Traffic17,1,6,7
SugarTacos,1,6,7
KewlZkid,1,6,7
jaaduman,1,6,7
alwaystheping,1,6,7
killamator,2,5,7
pouya02,1,6,7
Mental-Comedian-6304,5,2,7
Minezenroll,6,1,7
KanrisuruDev1,3,4,7
Dennis_Gachanja,4,3,7
max-venum,6,1,7
Vedant_Tailor,6,1,7
cantthinkofxyz,1,6,7
chetanaik,1,6,7
sakurawaiver,1,6,7
B-A-Rodriguez,1,6,7
singsing2107,3,4,7
lanj_chiq,1,6,7
silascole8,6,1,7
WarAngel007,5,2,7
No_Cow1,6,1,7
DonkeyFuel,1,6,7
XVll-L,4,3,7
currency100t,6,1,7
Killerklown8212,1,6,7
klj12574,1,6,7
wine-friend,1,6,7
mike_gundy666,1,5,6
phadrus56,1,5,6
Loninski,1,5,6
frolictech,3,3,6
takashi-kovak,1,5,6
jmkni,1,5,6
eat-rainbows,1,5,6
itzComPeter,1,5,6
4reddityo,3,3,6
donutdisaster,1,5,6
anantj,4,2,6
TheGreatAgnostic,1,5,6
Gnurx,1,5,6
damshowtv,4,2,6
Olivebuddiesforlife,2,4,6
MatthewThoughts,5,1,6
Kovis,1,5,6
quantumized,1,5,6
zdrifter,4,2,6
one,1,5,6
CuteSaggisture,1,5,6
comeformecuzimright,2,4,6
AngryPup,1,5,6
forexbia,2,4,6
Powerpuff_Rangers,1,5,6
omirafket,5,1,6
InsaneProtestorsMod,2,4,6
habsmd,2,4,6
GummySkittles,1,5,6
untitledismyusername,1,5,6
thewyldfire,4,2,6
p33k4y,1,5,6
SwiggyMaster123,1,5,6
fungobat,2,4,6
peccavi26,1,5,6
ptlg225,1,5,6
Arigamon,2,4,6
CinderPetrichor,1,5,6
cuddlewuddlepuddle,1,5,6
work_hau_ab,1,5,6
Lonely-Salt2070,2,4,6
queeftenderloin,1,5,6
MisterBadIdea2,1,5,6
targetmedians,2,4,6
Camacaw2,1,5,6
Hackalope,1,5,6
riehnbean,1,5,6
mantennn,1,5,6
PleaseThinkFirst,1,5,6
Madestofboiz,1,5,6
eci-inc,5,1,6
pbw,3,3,6
Illumine34,1,5,6
danktim,1,5,6
lessofmemoreofjesus,2,4,6
gaukluxklan,2,4,6
Naturalist-Anarchist,3,3,6
big_hearted_lion,4,2,6
MightyOwl9,1,5,6
Asac_Keelzus,1,5,6
ark-tech-guy,5,1,6
Zeonic,1,5,6
its_steve_here,5,1,6
tripleyothreat,1,5,6
itskings_,5,1,6
razertazer99,1,5,6
Mink_N_Sider,2,4,6
SWEET_BUS_MAN,1,5,6
Akid0uu,3,3,6
MikelFury,1,5,6
Glass-Ad-2389,2,4,6
Hemingbird,1,5,6
Electrical-Cow-5147,3,3,6
shooterjt,1,5,6
Rain0xer,1,5,6
FifaConCarne,1,5,6
ProfessionalAd864,1,5,6
BohemianBella,5,1,6
oneclick360,5,1,6
SmartFreelancer,1,5,6
mic_harmony,5,1,6
Front_Clock_2836,2,4,6
wappingite,1,5,6
Cyberdragofinale,2,4,6
DaddaMongo,5,1,6
Suspicious_Introvert,5,1,6
canadian_air,2,4,6
ready100computer,1,5,6
feralrage,1,5,6
mud_in_the_water,1,5,6
ElbowTight,1,5,6
CrookedOnetwo,1,5,6
848timings,3,3,6
xzene,1,5,6
Kneepucker,1,5,6
badbaritoneplayer,1,5,6
Niya_Sequeira,1,5,6
Whoblah,1,5,6
Ophensive1,3,3,6
Bobby_Globule,1,5,6
PuraVidaPagan,1,5,6
Far_Mathematici,1,5,6
pianobutter,1,5,6
TheSharpestNinja,1,5,6
earwig20,1,5,6
the-player-of-games,4,2,6
mandito99,1,5,6
Sun_Astro,3,3,6
kleer001,1,5,6
StaffCampStaff,1,5,6
--__p__--,2,4,6
Billy_Lo,2,4,6
psyFungii,1,5,6
_vibrate_,2,4,6
dbzer0,1,5,6
BayMind,1,5,6
RealBillPaxton,1,5,6
TheBerkay,1,5,6
Sheepy-Matt-59,1,5,6
IneptProfessional,1,5,6
keepingitrealsies,1,5,6
Mozilla-Foundation,4,2,6
xwolfe2000,1,5,6
Zulfenstein,1,5,6
ENG-funf,3,3,6
Ozymandias_a,1,5,6
fatcat111,4,2,6
santari1,1,5,6
jknotts,2,4,6
brideoflinux,1,5,6
Ok_Cantaloupe_7423,1,5,6
reuters,3,3,6
KeyFisch,1,5,6
Meckles94,1,5,6
mycolortv,1,5,6
0r1ginalNam3,2,4,6
Svengalio,1,5,6
Born-Department2814,4,2,6
Lokki007,4,2,6
tubaintothewildfern,2,4,6
Miro_Highskanen_4,3,3,6
FriedChicken,1,5,6
brodip,2,4,6
matbonucci,1,5,6
6razyboy,4,2,6
Saylar,1,5,6
Divasf,1,5,6
jsingh21,1,5,6
alcl163,1,5,6
dontfollowthesheeple,2,4,6
DrixlRey,1,5,6
thisisyourfucker,3,3,6
nexert233,1,5,6
imll99,1,5,6
problematikUAV,1,5,6
ajtheshutterbug,1,5,6
boldstrategy,1,5,6
stonedkrypto,1,5,6
Galtha58,1,5,6
KevZero,3,3,6
Kazundo_Goda,1,5,6
captsmokeywork,1,5,6
ntrsfrml,5,1,6
Vendoban,5,1,6
zer0_snot,1,5,6
anthony_AIsolutions,5,1,6
farfaraway,2,4,6
Zachincool,1,5,6
DinoWith500Teeth,2,4,6
Ill_Term_7052,1,5,6
bloomberg,3,3,6
AmericanArcon,1,5,6
TheOneInTheHat,1,5,6
calliope_kekule,3,3,6
I_lost_the_science,1,5,6
NineteenSixtySix,4,2,6
Financial_Owl_7245,2,4,6
OnlyTalkMoney,1,5,6
Halaku,1,5,6
anubis119,1,5,6
names_are_useless,1,5,6
lastdinosaur17,1,5,6
chandra381,1,5,6
FuckingPope,4,2,6
Seminal_Sound,1,5,6
nametaken_thisonetoo,1,5,6
nintendosixtyfour,1,5,6
BrockDiggles,1,5,6
ThinCurrency5292,1,5,6
Yourhyperbolemirror,2,4,6
schmudde,4,2,6
anonymous_being,1,5,6
BlackCat40411,1,5,6
3Cs4Ps,1,5,6
ringingbells,2,4,6
passintimendgas,1,5,6
rupeshjoy852,2,4,6
AmericanBornWuhaner,4,2,6
IEEE_DigitalReality,2,4,6
MicrowaveBurritoKing,1,5,6
bruh-sick,1,5,6
DeepValue47,2,4,6
muffinmania,3,3,6
TicketingNews,1,5,6
Rare_Fix2153,3,3,6
glutton-free,1,5,6
jonyprepperisrael,2,4,6
Aggravating-Manner87,3,3,6
Regular_Bee_5605,2,4,6
ItsTheTenthDoctor,3,3,6
itWillGetFresher,1,5,6
martinkem,1,5,6
herodotus_papas,2,4,6
Jthebeasthoe,1,5,6
Fearless747,1,5,6
thelonghop,1,5,6
Gidget-Gein,2,4,6
MAGAtearscollector,3,3,6
Hockeygoalie35,1,5,6
Dark-X,1,5,6
MalikaiTheAmish,1,5,6
hoppersoft,1,5,6
capcaunul,3,3,6
Asdfasdfasdfgame,1,5,6
TreacleRemarkable847,4,2,6
FtheIneffable,4,2,6
saddadstheband,1,5,6
donnkii,1,5,6
BandIs1,1,5,6
shadygraves,1,5,6
Buffaloslim,2,4,6
Murry16,1,5,6
DeSpTG,1,5,6
Additional_Pepper_41,2,4,6
SublimeCommunique,1,5,6
OddSilence,2,4,6
Mutiu2,1,5,6
raulbas98,5,1,6
Key-Antelope9439,2,4,6
KaiSix88,1,5,6
savarsuri,1,5,6
tuiasi,2,4,6
iamaskingqns,1,5,6
Livingdead90,1,5,6
Prestigious-Number-7,1,5,6
Itsjustmybusiness,2,4,6
FreDi-,1,5,6
Kemizon,1,5,6
PrettyFeed511,2,4,6
Thelivingparadox2020,4,2,6
xaislinx,1,5,6
tellman1257,1,5,6
problematicpumpkin,5,1,6
siez_,2,4,6
Techdotmatrix,5,1,6
RelationOk3636,4,2,6
Quantum_II,5,1,6
eeby_deeby,4,2,6
EslamDahshan6642,4,2,6
TheKoG,2,4,6
Last_Highlight2058,4,2,6
beasterne7,2,4,6
Terrible-Scheme9204,1,5,6
minusSeven,1,5,6
The_Observer_Effect,1,5,6
DarthPlagueis_,1,5,6
metronomy94,1,5,6
chloeia,2,4,6
ffviiking,1,5,6
TheDude9737,1,5,6
penone_cary,1,5,6
Public_Fucking_Media,1,5,6
Ringo_Masterminded,2,4,6
coolbrze77,1,5,6
EverMoreCurious,2,4,6
SevPanda,1,5,6
bobdobbes,1,5,6
ScientiaEtVeritas,1,5,6
buddhathegravekeeper,1,5,6
Ishan1121,1,5,6
nousername206,3,3,6
Lacerationz,1,5,6
beastmanrules2,1,5,6
iamgrape1119,1,5,6
CormAlan,1,5,6
Interesting_Stop_935,2,4,6
CalamityJane0215,1,5,6
GamingSince83,1,5,6
Where0Meets15,1,5,6
kkk868652,4,2,6
npsage,1,5,6
Fine_Molasses_1354,5,1,6
Ravekat1,1,5,6
uptheneck,2,4,6
asking_for__a_friend,1,5,6
SlowCrates,1,5,6
andyp,1,5,6
dwuuuu,1,5,6
orvianstabilize,1,5,6
andrewkins,3,3,6
Mindless_Distance_48,1,5,6
alwayshazthelinks,1,5,6
Valuable-Mirror-1209,2,4,6
marchershey,1,5,6
antihexe,1,5,6
W0lfw00d179,1,5,6
i_am_a_chicagoan,1,5,6
ThaBlackLoki,2,4,6
myballzhuert,1,5,6
giants4777,3,3,6
greenielove,1,5,6
KingBlue2,1,5,6
DeerSpotter,1,5,6
parker_adam916,3,3,6
Gold_Photograph1,4,2,6
Fxon,1,5,6
CPT_Haunchey,1,5,6
stockandcrypto,3,3,6
Pure-Organization-26,5,1,6
Bigguy1311,1,5,6
nex0rz,4,2,6
pyh00ma,2,4,6
ConfectionConnect117,5,1,6
Quirkie,5,1,6
PhotographSignal6482,1,5,6
slobs_burgers,1,5,6
joker54,3,3,6
WashingtonPass,4,2,6
beafairmod,1,5,6
rendawg87,1,5,6
llaea,4,2,6
NoNefariousness7279,1,5,6
BoredJournalist18,1,5,6
Mdan,5,1,6
LeMonde_en,3,3,6
ElMarkuz,1,5,6
VincentPopov,1,5,6
chrisk2000,4,2,6
yannisaderi,1,5,6
astlouis44,4,2,6
phonegears,2,4,6
transtwin,1,5,6
Ganesha811,2,4,6
digitalengineland,4,2,6
MEGALIGHTNINGTACO,1,5,6
rrab,1,5,6
Explorer200,1,5,6
fergy80,1,5,6
ajskillz,1,5,6
ChirperChiara,4,2,6
stackablesofficial,2,3,5
DistantRavioli,3,2,5
when-users-rule,2,3,5
roosoh,1,4,5
ericstechchannel,1,4,5
karmichand,1,4,5
HoppyBeerKid,1,4,5
Chateau-d-If,1,4,5
Pikamander2,1,4,5
bigshrekcakeeggplant,1,4,5
el_gee,3,2,5
tsteinholz,1,4,5
rnldjhnflx,1,4,5
xXGreco,1,4,5
AmountOk3836,1,4,5
Walk1000Miles,2,3,5
daft_knight,3,2,5
AMadHippie2002,2,3,5
chrisafenyo,4,1,5
eagletoken,1,4,5
Famous_Witness_6993,1,4,5
youwillnevercatme,1,4,5
Patient-Pack-3066,2,3,5
christoforosl08,1,4,5
norbynorb,1,4,5
Keirhan,1,4,5
ketarax,1,4,5
no_eponym,1,4,5
EedSpiny,1,4,5
KlvrDissident,1,4,5
icohgnito,1,4,5
Suchthefool_UK,1,4,5
arcrad,1,4,5
Questioned_answers,2,3,5
MorenK1,1,4,5
Good_Karm,2,3,5
-Fat_Gal-,1,4,5
hayatiesen,4,1,5
kob66,4,1,5
Admirable-Air-750,3,2,5
yamez420,1,4,5
NANANA-Matt-Man,1,4,5
dragosul10,1,4,5
mkerbs942,1,4,5
Rear4ssault,1,4,5
Old_Delivery8447,2,3,5
artoonie,1,4,5
arbivark,1,4,5
i-miss-you-so-much,1,4,5
Persism,1,4,5
loud_as_pudding,2,3,5
supersadtrueprivacy,3,2,5
shivam793,3,2,5
Careless-Pickle8688,2,3,5
benchoddudeman,1,4,5
wallstreetstocksLED,3,2,5
elenorf1,4,1,5
newhoa,1,4,5
Due-Fox-8443,1,4,5
Seek_Adventure,2,3,5
tableball35,1,4,5
whnthynvr,2,3,5
Dolomedes03,2,3,5
Kira9059,1,4,5
EntrepreneurLive3661,1,4,5
nadav183,1,4,5
Objective_Resist_735,1,4,5
TovarishVlad,1,4,5
usulwalker,1,4,5
enigzar,1,4,5
jakefrederick1118,1,4,5
muthuannamalai12,3,2,5
SEOip,1,4,5
minisculepenis,1,4,5
BananTarrPhotography,1,4,5
saxsux,1,4,5
thickochongoose,1,4,5
djoliver1,1,4,5
esvee90,1,4,5
noWrongTurn,1,4,5
GoochCommander,2,3,5
limegreencab,1,4,5
eliot3451,2,3,5
Nova_Bomber,1,4,5
Cardoso6,1,4,5
GNewsBacklinks,3,2,5
FatJebusLord,1,4,5
no_one_6,1,4,5
ucstudent24,1,4,5
Alexanderr,1,4,5
CaptainIsCooked,1,4,5
Throwaway-Addict,1,4,5
m-king473,3,2,5
attacktwinkie,1,4,5
upstockking,4,1,5
Royal-Noble-96,2,3,5
Warm-Sheepherder-597,1,4,5
anthropaedic,3,2,5
diggitydata,1,4,5
DoomDark99,2,3,5
Quirky_Blacksmith_57,3,2,5
neomeow,1,4,5
SulaBurmeister27,4,1,5
bambu92873,1,4,5
DannyMcDanface1,4,1,5
BoysenberryTiny6417,2,3,5
fyigamer,1,4,5
Codeares-Tech,4,1,5
Crusader3456,4,1,5
GETTR-wenwu,1,4,5
cgay123005,4,1,5
Capybaraaa,1,4,5
Maui96793,3,2,5
shadeOfAwave,1,4,5
WorkforceWonk,4,1,5
mawkish,2,3,5
Uncle-Buckwild,4,1,5
meetingthedream,3,2,5
Kaze_Dagon,1,4,5
animeislifenocap,1,4,5
Zezimom,1,4,5
mrnipper,2,3,5
usaf2222,2,3,5
enath,3,2,5
Last_In,1,4,5
BubsyFanboy,3,2,5
joemullermd,1,4,5
llamasonic,4,1,5
Hitrocker,3,2,5
morron88,1,4,5
Phylamedeian,1,4,5
Benkaoul,4,1,5
gh959489,1,4,5
exocortex,1,4,5
EpicDuckOverlord,2,3,5
-13-,1,4,5
invisibleFoo,1,4,5
mlurve,1,4,5
heeroo0,3,2,5
--iCantThinkOFaName-,1,4,5
dogemikka,1,4,5
asicount,1,4,5
robinbiro,1,4,5
hollowgram,1,4,5
dd99,1,4,5
Remo_253,1,4,5
loose_tuber,1,4,5
LithiumToast,1,4,5
Meanie_Cream_Cake,1,4,5
boltonstreetbeat,1,4,5
Tokkertim,2,3,5
mohventtoh,1,4,5
PlaneNearby9958,1,4,5
Tomahawkin95,2,3,5
noahzasin,1,4,5
aggie1391,1,4,5
yavvee,1,4,5
RealWorldJunkie,1,4,5
lord-___-vader,1,4,5
Witty_Ad_9833,3,2,5
getgoodgetlmaobox,2,3,5
surprisinglyfriendly,2,3,5
FranticPonE,1,4,5
DarthPorg,1,4,5
arrftr,1,4,5
MeterRabbit,2,3,5
Tex_Steel,1,4,5
nullc,1,4,5
iTOXlN,1,4,5
goonerish_,3,2,5
Downtown-Donut-9140,3,2,5
Leading_Economics_79,2,3,5
arahmedraza22,3,2,5
1slimbone,1,4,5
20220502,3,2,5
DonIncandenza,1,4,5
WhiskeyProposition,1,4,5
-skeema-,1,4,5
GreenerThanYou,1,4,5
Wizard_Hax,1,4,5
BlueZybez,3,2,5
mguvu,1,4,5
Anonasty,1,4,5
defnotgrumbo,1,4,5
goldiefin,1,4,5
Tech_Decoder,4,1,5
Conner14,1,4,5
sirhamsteralot,1,4,5
REDCLOUDKICKSTARTER,4,1,5
TRiG_Ireland,2,3,5
matpompili,1,4,5
skobul,1,4,5
mykl66,2,3,5
SennheiserHD6XX,1,4,5
asbjbmkklmmllmnb,1,4,5
davetenhave,2,3,5
500scnds,3,2,5
N00b22,1,4,5
scrutontapeletters,3,2,5
faizyMD,4,1,5
GoneInSixtyFrames,2,3,5
pixelated_fish,1,4,5
Twrd4321,3,2,5
techyuser,2,3,5
jaramini,1,4,5
band_in_DC,1,4,5
Mr-Toy,1,4,5
xlttech,2,3,5
KayTheMadScientist,1,4,5
ArtistChef,1,4,5
No_StopItStepbro,1,4,5
swsko,2,3,5
marlinmarlin99,1,4,5
GlaxoJohnSmith,2,3,5
PlusUltra-san,1,4,5
bottsking,1,4,5
Crystallization-,1,4,5
sacredmonster2,2,3,5
randalflagg,3,2,5
Prajwal14,4,1,5
mansotired,1,4,5
thetimmyjohnson,1,4,5
SympathyOver1244,2,3,5
red__what,4,1,5
nkarkas,1,4,5
WTHPod,1,4,5
Covaloch,1,4,5
MATR20,3,2,5
jain36493,1,4,5
No-Cell-4575,1,4,5
pltyz,2,3,5
realwebinfo,4,1,5
GetOffMyGrassBrats,1,4,5
Winterisbucky,2,3,5
MC_Cuff_Lnx,3,2,5
wheenus,1,4,5
AidentWest,4,1,5
adelinajacob,4,1,5
SnooOwls1850,2,3,5
revdrgonzo,3,2,5
Overthrow_Capitalism,1,4,5
xuteloops,1,4,5
Plasmoidification,2,3,5
yourlifeisadream,2,3,5
Consistent-Engineer8,4,1,5
WhyIsYourMomHere,4,1,5
bobybobobo,3,2,5
adamsot34157678,3,2,5
xavier_mamba,2,3,5
Intelligent-Shake758,1,4,5
AnonCaptain0022,2,3,5
if_elseif_else,1,4,5
Brnl3sssSvg,4,1,5
cardart,4,1,5
Proper_Buy_710,4,1,5
tcourtney22,2,3,5
tarmortum,1,4,5
njman10,1,4,5
Original_Dogmeat,4,1,5
Bitcoin_to_da_Moon,2,3,5
m8nceman,2,3,5
uniqueusername316,1,4,5
-thesandman-,1,4,5
guylfe,1,4,5
Humidhotness68,1,4,5
MassiveLawfulness,1,4,5
deadlywoodlouse,1,4,5
pro-__-turtle,1,4,5
deyheimler,1,4,5
kelso_0,1,4,5
numbbbb,2,3,5
EastTexGuy,1,4,5
killing_time,1,4,5
osgnostic,2,3,5
canonjarrus,1,4,5
ArsStarhawk,1,4,5
myowncalm,1,4,5
governedbycitizens,2,3,5
CarbonSquirrel,1,4,5
AdventurousSpruce,1,4,5
byParallax,1,4,5
Personal_Occasion618,2,3,5
cris88888,2,3,5
oceanicplatform,1,4,5
SmartHipster,3,2,5
GabeIT84,1,4,5
Dull-Sweet-2085,1,4,5
Uwem1,3,2,5
literallair,4,1,5
Timely-Chemistry7449,2,3,5
okaymaybenotokay,1,4,5
VegetableOk4039,2,3,5
hertwij,1,4,5
Sport-Inner,4,1,5
AbaixoDeCao,4,1,5
AtheistComic,1,4,5
Smart-Leg-9156,1,4,5
dominiquec,3,2,5
magnabonzo,1,4,5
kavishs13,3,2,5
Silent_Inspector1616,1,4,5
mooslar,2,3,5
ePainter0,1,4,5
mgonzales3,2,3,5
oldmanshakey,2,3,5
Duke_Nasty,1,4,5
Boundless_Infinity,1,4,5
FlatAds,3,2,5
Datsmydawgyo,1,4,5
Father_Achad,1,4,5
pankajunk1,3,2,5
mtodd88,1,4,5
ELAffandy,4,1,5
justinpanda,4,1,5
IndividualDrummer358,1,4,5
KnownStuff,2,3,5
gamerminstrel,1,4,5
alexuzunkoyyy,1,4,5
CuteMarsey,4,1,5
golden430,4,1,5
gtrash81,1,4,5
MrFloopy46,1,4,5
WahidUmmah4312,1,4,5
rosstomson,3,2,5
canteatdogmeat,1,4,5
nimajjibewarsi,1,4,5
Elduir__,1,4,5
wombon2,2,3,5
Chrome_Plated,3,2,5
cagbal,3,2,5
bowiemustforgiveme,1,4,5
Sharmoota1,1,4,5
Pensyfan19,3,2,5
theoryofdoom,1,4,5
Keegantir,1,4,5
monkeyman047,1,4,5
Irene_Charles,2,3,5
Weary_Comb5628,2,3,5
contentPudding28926,1,4,5
bluefirecorp,1,4,5
jammaxxus,1,4,5
kreiger-69,1,4,5
egnirceravog,1,4,5
hjgbuijhgh,1,4,5
Aura_Masta420,1,4,5
name-of-the-wind,1,4,5
come_sing_with_me,2,3,5
BonzoAndBonzo,1,4,5
BorasTheBoar,1,4,5
hfbvm,1,4,5
AftonCoger,1,4,5
tim-maliyil,2,3,5
lilith-ness,1,4,5
magicology,1,4,5
FreshFruitForFree,1,4,5
ShapeLittle7060,1,4,5
Neyo708,1,4,5
standardizedwar,1,4,5
Apollo_Sins,2,3,5
poopchute88,1,4,5
Noisey_Noise,1,4,5
youwhatwhat,4,1,5
WhitelabelDnB,1,4,5
TreXitooo,1,4,5
bloppingzef,1,4,5
idgafayaihm,3,2,5
cult_smasher_9000,2,3,5
projektstronpl,2,3,5
Caveat53,2,3,5
Wild-Dig-8003,2,3,5
RoketRacoon,1,4,5
gankstar5,4,1,5
9dnguy,2,3,5
mazlan_abbas,4,1,5
arafat586,2,3,5
#NAME?,1,4,5
bookmon,1,4,5
jakbap,1,4,5
Opitmus_Prime,1,4,5
elleeott,1,4,5
YuvakiAwaaz2022,4,1,5
Strict_Committee_953,4,1,5
simoachraf,4,1,5
Garrus1712,1,4,5
moose_powered,1,4,5
crestech1,4,1,5
Old_Height_9219,2,3,5
NamelessForce,4,1,5
VastAdvance175,4,1,5
skincoveredkeyboard,1,4,5
ArkGuardian,1,4,5
danielrosehill,3,2,5
GarlicoinAccount,1,4,5
queenbabieybop,4,1,5
AbhigyanKumar,1,4,5
Lixard52,1,4,5
Casual_redditing,1,4,5
ewzetf,4,1,5
Significant-Crew6333,1,4,5
talldata,1,4,5
screaming_monk,1,4,5
Non-Newtonian-Snake,2,3,5
_PM_ME_YOUR_VULVA_,1,4,5
Furyian13,1,4,5
lilybeanzz,1,4,5
Aeonoir,1,4,5
first_boss,1,4,5
avivi_,4,1,5
InfinitySoftSystems,4,1,5
screames123,4,1,5
machlamethelus,2,3,5
bennmorris,4,1,5
Griffithaintshit,1,4,5
teslas_love_pigeon,1,4,5
TimOrca,1,4,5
magurabablu,3,2,5
johnmrson,1,4,5
weblscraper,2,3,5
Kubibukuro,1,4,5
Key-Lack-5614,4,1,5
Uhfolks,1,4,5
serubin323,1,4,5
Snafflow,3,2,5
Omnicrola,1,4,5
magicm0nkey,1,4,5
Realistic-Singh165,1,4,5
Sclerodermasucks17,1,4,5
jayasrilanka,2,3,5
climeworks,2,3,5
Strijdhagen,1,4,5
fossfans,4,1,5
Bizzy1995,1,4,5
Surf-Jaffa,1,4,5
LeDucky,1,4,5
Fenil_Savani10,1,4,5
VMON215,1,4,5
LordConnecticut,1,4,5
jimgagnon,1,4,5
Butt-Dickkiss,2,3,5
DrCryptolite,4,1,5
Hazy_in_the_303,3,2,5
TaisharManetherener,1,4,5
Philonico,3,2,5
Enough_Loquat3229,1,4,5
osiris_210,1,4,5
NinoIvanov,2,3,5
greatdevonhope,2,3,5
info_cellar,4,1,5
mayateg,3,2,5
ankyboii007,1,4,5
Popular_Ad_6777,1,4,5
terran1212,2,3,5
Its_Alan_Lewis,2,3,5
Psychological-Age866,4,1,5
00A36C,1,4,5
Responsibility_57,2,3,5
GeomanticCoffer,1,4,5
wakeem21,4,1,5
FromTheAshesOfTheOld,1,4,5
Crazy-My-Beat,1,4,5
minnyrouse,4,1,5
AliZimNomadic,4,1,5
M1nder,1,4,5
Nice_Diet_3544,3,2,5
nate_rausch,1,4,5
AgentOrcish,1,4,5
Semitonecoda,1,4,5
Ready373,3,2,5
voitlander,1,4,5
LewdVector,3,2,5
stark247,2,3,5
Avocado_Express,4,1,5
RickyOzzy,1,4,5
Claeyt,1,4,5
techvivek22,3,2,5
sam-abdul,3,2,5
Turbulent-Sorbet9125,1,4,5
Jole0088,1,4,5
zed_christopher,1,4,5
Early_Investment2354,3,2,5
Lydiitti,1,4,5
CarbineBrainPlate916,1,4,5
Asad_13,1,4,5
Pemulis,4,1,5
Metastatic_Autism,1,4,5
Leprokracken,1,4,5
yevraaah,4,1,5
someguyrando,3,2,5
Global_Fondant7843,1,4,5
ps1AzSu6NG,1,4,5
Illustrious-Jury-845,1,4,5
DrNewah,4,1,5
simon_the_detective,1,4,5
Exact8282h,2,3,5
Tokyomonk,3,2,5
therealjimlove,3,2,5
Inevitable_Celery510,1,4,5
schuey_08,2,3,5
HistoricalMagician17,1,4,5
vokiel,1,4,5
iNPUT-ACE,1,4,5
PeddarCheddar11,1,4,5
EngineerSeb,2,3,5
Malayadalja,3,2,5
Windows_Tech_Support,1,3,4
New-Skirt3298,2,2,4
SwitchRicht,1,3,4
savorymonk,3,1,4
eric_bousquet,3,1,4
siplasma,2,2,4
DubTeeDub,1,3,4
faloodehx,1,3,4
Lion_of_India,2,2,4
vmskrsh,3,1,4
v_span,1,3,4
BRH05,2,2,4
BigTasty789,1,3,4
hiImMate,1,3,4
clegmir,1,3,4
The_Theta_Friend,2,2,4
pontoumporcento,2,2,4
no_regards,1,3,4
1.64319E+13,3,1,4
LucDoesStuff,1,3,4
schultzy99,1,3,4
R_E_T_R_O,2,2,4
Radamand,1,3,4
SneakyTrigger,1,3,4
Royal-Tasty,1,3,4
realmrmaxwell,3,1,4
fargenable,1,3,4
melodic_crab_1968,1,3,4
xian487,1,3,4
TickleMyNeutrino,1,3,4
lilsippy333,1,3,4
Sarasani,1,3,4
Sephinator,1,3,4
TruBit9,1,3,4
Unfor4,2,2,4
GomerP19,1,3,4
SeizeOpportunity,3,1,4
pdoconnell,1,3,4
callofdoobie,1,3,4
joepmeneer,1,3,4
AvocadoLaur,1,3,4
TheUnknownDemocrat,2,2,4
anieglaze,2,2,4
FishermanWitty8173,3,1,4
VampyreLust,1,3,4
aceqwerty,1,3,4
fosterlynch,3,1,4
Dione_123,1,3,4
Python_bread,3,1,4
stocksncrops,1,3,4
No_Bodybuilder5644,1,3,4
easycryptotips,1,3,4
Google_Youtube,3,1,4
AlanO14,3,1,4
ApexRedditor_,1,3,4
mountainsunset123,1,3,4
DRAlsadi0010,1,3,4
margindata,1,3,4
TokiVikernes,1,3,4
JustJohn8,1,3,4
zhongdama,1,3,4
mcdwayne1,1,3,4
Pancake_muncher,1,3,4
SitePractical6588,1,3,4
chiraagster23,1,3,4
xdlwilliam,1,3,4
OGJuanunoby,2,2,4
Gullible_Progress_10,2,2,4
eldosoa,1,3,4
LumpyAnt5109,3,1,4
RagTag9899,1,3,4
trai_dep,1,3,4
cemazu,1,3,4
DellCommuter,2,2,4
sfinnqs,1,3,4
Admirable_Baker,3,1,4
TheBuzzTrack,3,1,4
GemBadger,3,1,4
RedditAccount101010,1,3,4
CelestineCrystal,2,2,4
senove2900,1,3,4
dewhacker,1,3,4
Open_Geologist_42,1,3,4
blckhl,1,3,4
Screenwriter6788,1,3,4
Street_Admirable,1,3,4
catalinus,1,3,4
FireBendingNinja,1,3,4
retronav,3,1,4
Wreck825,1,3,4
Ganymede2400,2,2,4
epicstruggle,2,2,4
DrPlatelet,2,2,4
canadian-weed,1,3,4
Turnoversleepy,1,3,4
a1a3a5a7a9,2,2,4
Melancholic-Ordinary,2,2,4
username_taken_not,1,3,4
start123,2,2,4
MikeHawkMasterBaiter,1,3,4
made_anaccountjust4u,1,3,4
cogent_rambling,1,3,4
thesheetztweetz,3,1,4
SumitaMukherjee,2,2,4
maxcrazy,3,1,4
MissionTop7264,1,3,4
cryptoatx,1,3,4
BRCKDefenseAttorneys,1,3,4
Neither_Director4048,3,1,4
Biosphere_Collapse,2,2,4
razorbeamz,2,2,4
WeShapeConsulting,2,2,4
BBWbombshell,1,3,4
ProtolabzeService,1,3,4
MotivateUTech,1,3,4
ItsameaLuiggi,1,3,4
Pat_thrills,1,3,4
toronto_newcomer69,1,3,4
returNOCeanic,2,2,4
Alsecco,2,2,4
DeejayPleazure,2,2,4
DiDoDa_3,1,3,4
Life_Bad_666,3,1,4
davidzet,1,3,4
Past-Chipmunk-1272,2,2,4
imnanoguy,3,1,4
cmgsviettel0405,2,2,4
RushingRobotics_com,2,2,4
monkeytoes90,1,3,4
No_Breadfruit_2639,1,3,4
Upstairs-Coffee101,3,1,4
Educational_Aide_999,3,1,4
pizzaiolo2,1,3,4
lakeoceanpond,3,1,4
TheSoulFactor,3,1,4
extranaturaly,1,3,4
anyabaker15,3,1,4
Fluid-News,2,2,4
CdnKidz,1,3,4
sci_and_eng,3,1,4
tanbo_theman,1,3,4
OG_Gongshow_27,1,3,4
LittleJ1732,2,2,4
darkdragonrider69,1,3,4
fouro,1,3,4
Fit-Pair-1121,2,2,4
Vivid_Impression2508,3,1,4
sennheiserz,1,3,4
TimeStampEth,2,2,4
winkelschleifer,2,2,4
yikedonthurtme,1,3,4
KookyKiwi2433,1,3,4
timemagazine,3,1,4
Rajib-hasan,1,3,4
kelpingkelp,1,3,4
szczys,3,1,4
XxANAL_SEEPAGExX69,1,3,4
anku17,1,3,4
Little-Round7584,1,3,4
no_more_lines,1,3,4
VisualSpring3,3,1,4
AvLTechnologies,3,1,4
nolesfan2011,1,3,4
KingFlair,1,3,4
ShihPoosRule,1,3,4
Projekman,2,2,4
Metzae,1,3,4
twitterisawesome,1,3,4
FearLess_Alpha,2,2,4
littledingusbigbrain,1,3,4
AGoodenough,2,2,4
incthunder,1,3,4
vipguy64,2,2,4
rack88,1,3,4
linux-nerd,1,3,4
PrestineOnion,1,3,4
theabbiee,3,1,4
SirJackson360,1,3,4
Lonerwithaboner420,1,3,4
yxlmal,1,3,4
Guilty-Vegetable-726,1,3,4
wee1tee,1,3,4
Krostas,3,1,4
Jolly_Reaction_9262,1,3,4
shahg2644,3,1,4
HungoverRabbit,1,3,4
shitismydestiny,1,3,4
Pathos316,1,3,4
USA-Politics,1,3,4
kittyissleeping,1,3,4
sudhir369,2,2,4
andre891,1,3,4
Ga1v5,2,2,4
alimehdi242,1,3,4
ripsa,1,3,4
silicontechnews,3,1,4
LaveshPillay,1,3,4
dividebyoh,1,3,4
LifelongLesrner2021,3,1,4
ImOnYourScreen,1,3,4
woke_up_early,1,3,4
ankitshil,1,3,4
MKorostoff,1,3,4
_Gunga_Din_,1,3,4
the_remainder_17,3,1,4
Wherify,1,3,4
19nick96,3,1,4
Doom_Guy_Needhelp,3,1,4
Mc_King_95,3,1,4
CuteV_a3,1,3,4
zyrkor90,1,3,4
StraddleTheFence,1,3,4
DooDooDuterte,1,3,4
faulty_circuit,1,3,4
DynamicTech22,3,1,4
GuyNamedLindsey,1,3,4
LordSaumya,1,3,4
yoyi470,2,2,4
BroodyWall15,1,3,4
gHeadphone,3,1,4
LanceLunis,1,3,4
GoogleBabeler,2,2,4
SafePossibility,1,3,4
nogoodnamesleft426,3,1,4
Zijdehoen,1,3,4
orangutan-man-77,1,3,4
nerd_of_gods,2,2,4
havogames,1,3,4
goosefatboy,3,1,4
Noveos_Republic,1,3,4
Unfairerorb76,1,3,4
lugh,2,2,4
Fridux,1,3,4
voodoo_doc_411,1,3,4
Bill3000,1,3,4
Wild_Contribution126,1,3,4
Newlowstomorrow,2,2,4
RelativeSchedule5089,2,2,4
robnelsonlive,1,3,4
HeronPlus5566,1,3,4
dantheman333,2,2,4
wylinne,1,3,4
JohannGoethe,1,3,4
ITlocknkey,2,2,4
Durante-Sora,1,3,4
canadaoilguy,3,1,4
rscarson,1,3,4
king-luci-,1,3,4
mark01254,1,3,4
poliporn,1,3,4
IamHardware,1,3,4
boxro,3,1,4
000kevinlee000,1,3,4
Frantickler,1,3,4
jmoincali,1,3,4
SuspiciousWhale99,2,2,4
s2pidgenius,3,1,4
zerotakashi,1,3,4
TheBrassrhino,3,1,4
MotorDrive,1,3,4
harmlesspublicity,1,3,4
Kilo_Hacker,3,1,4
God-first-1974,3,1,4
robert_ritz,1,3,4
QArea_ltd,3,1,4
yourarticlewriting,3,1,4
AaronWeezer,1,3,4
CapAmericaJr,2,2,4
ragnoros,1,3,4
wordswontcomeout,1,3,4
ProofPhysics9132,1,3,4
Willing_Poet_8078,3,1,4
billyd94,1,3,4
jining,2,2,4
Am_I_leg_end,1,3,4
todd_beedy,2,2,4
atrium5200,1,3,4
sharonmckaysbff1991,1,3,4
kloolegend,1,3,4
Treeswinga,1,3,4
Robbbbbbbbb,3,1,4
Grand_Faiz,1,3,4
the4thcoior,3,1,4
TravelingRob,1,3,4
Stossel_,1,3,4
afjalru,1,3,4
benjisaurus-flex,1,3,4
bonzai_science,1,3,4
JSKindaGuy,1,3,4
anonymous888888855,1,3,4
Plankton-0932,1,3,4
Squium,3,1,4
ohmynothing,1,3,4
gumball_Jones,1,3,4
BoxCarMike,1,3,4
Bozzooo,1,3,4
dept_of_samizdat,1,3,4
designerlifela,1,3,4
beastmaster,1,3,4
kiddenz,2,2,4
ComradeCommissary,2,2,4
kurosen,1,3,4
tempMonero123,1,3,4
it-was-justathought,1,3,4
heavonsdemon,2,2,4
goawayineedsleep,1,3,4
Xmissionoverload,1,3,4
ColoHusker,2,2,4
igroos,3,1,4
aegon_4_2_targareyan,1,3,4
Marshall_Cleiton,1,3,4
swapnil511994,2,2,4
spymish,2,2,4
axolotl_laserbeam,3,1,4
DogeLord081,1,3,4
okok32real,3,1,4
bakaslam,2,2,4
HannaApple,1,3,4
tiff_seattle,1,3,4
XumEater69,1,3,4
chiayewken,2,2,4
SpaceInMyBrain,2,2,4
talking_points_memo,3,1,4
Ermahgerd1,2,2,4
SimonCaine,1,3,4
LividAstronomer,2,2,4
oivaizmir,2,2,4
Far_Inspector3626,1,3,4
johncarlow,3,1,4
1angrylittlevoice,2,2,4
Themoviekings23,2,2,4
Embarrassed-Mouse-49,1,3,4
chrispy508,2,2,4
developsbd,3,1,4
EsPlaceYT,3,1,4
Truzie34,3,1,4
V_talks_alot,1,3,4
UnderstandingCalm474,1,3,4
VeryWackyIdeas,1,3,4
Bettylovescrypto,3,1,4
Malwarebeasts,1,3,4
AvinashVallarapu,3,1,4
curtis_perrin,3,1,4
Jpoolman25,2,2,4
godog,1,3,4
mjfnd,1,3,4
Trash_man_can,1,3,4
Unhappy_Version7565,2,2,4
fxmonk,1,3,4
Damocles_7,1,3,4
KeyPerspective7,2,2,4
TitaniumArse,3,1,4
IamAndyXu,2,2,4
Cyberjonesyisback,1,3,4
Pukhtoon69,1,3,4
Lasson01,2,2,4
Swagnum_Pl,1,3,4
m4r1vs,1,3,4
Chanti239,1,3,4
narya_the_great,1,3,4
_BeingHuman_,1,3,4
AcanthisittaDry9244,1,3,4
Quantum_Dynamo,1,3,4
CallingAIBullshit,2,2,4
Ginrob,1,3,4
xiao95,3,1,4
KIComputing,3,1,4
Adorable_Magician,1,3,4
Megapopeye,3,1,4
joughy1,1,3,4
Buibaxd,1,3,4
SaltSnowball,1,3,4
ToRedditIsToCensor,1,3,4
Nysona9114,1,3,4
Future-Estimate1170,2,2,4
ComprehensiveMath367,1,3,4
DartyGal503,1,3,4
RustyCraftyloki,1,3,4
GrizzlyBear2021,1,3,4
Mr_SMT,2,2,4
AWildDragon,1,3,4
Yepclick,1,3,4
HootCares,1,3,4
Tasty_Doritos,2,2,4
katedevil,1,3,4
Nabstar,1,3,4
PrinceDizzy,2,2,4
CanorousC,1,3,4
IAmABearOfficial,1,3,4
GeeWhillickers,1,3,4
GantMan,3,1,4
Mysterious-Pair-1385,1,3,4
IPAisGod,1,3,4
ety3rd,1,3,4
papercutpete,1,3,4
justfor1t,1,3,4
no_more_gravity,1,3,4
acscriven,1,3,4
k1dney,1,3,4
ABDALLAHECO,3,1,4
maximustechmxz,1,3,4
RebelOTR,2,2,4
Infinite_Worm,1,3,4
nyquiljunky,1,3,4
Shadowys,1,3,4
bruhmomdnt,1,3,4
zmajxd,2,2,4
floatjoy,1,3,4
dodgers12,3,1,4
Ajayu,1,3,4
qpl23,1,3,4
Marciu73,1,3,4
noxpost,1,3,4
Nicklas_kolding96,1,3,4
mattkavien1240,2,2,4
hard2resist,2,2,4
Flawed_L0gic,1,3,4
siddharthverse,1,3,4
A_way_awry,1,3,4
Siren72,1,3,4
Stillnotaspider2,2,2,4
NotSoBrightOne,1,3,4
DarkDarkness,1,3,4
TheCryptoKang,3,1,4
TalkCryptoCoins,1,3,4
American36,1,3,4
Acceptable-Ad1034,1,3,4
Sugbaable,1,3,4
SinghNitesh101,1,3,4
Vegan-bandit,1,3,4
cyclo,3,1,4
sirCota,1,3,4
Feeling_Reach_4795,3,1,4
s_kaw,2,2,4
verynakedsloth,1,3,4
mcpoyles,2,2,4
Totty_potty,1,3,4
Natems,2,2,4
Alexhkm,2,2,4
veganispunk,1,3,4
secretsothep,1,3,4
unvjustintime,1,3,4
Tried100Names,3,1,4
spearson0,2,2,4
sn0r,2,2,4
zweitaktfan,1,3,4
WordyBug,1,3,4
macnbc,1,3,4
qualverse,1,3,4
geeknintrovert,1,3,4
ZenMorph,2,2,4
InstantIdealism,1,3,4
wiziqnextgen,1,3,4
OregonBlues,1,3,4
5thandfashion,1,3,4
Cameliano,2,2,4
WXKENSHI,2,2,4
emeraldnsfw2,2,2,4
Witty-Play9499,1,3,4
MahatK,1,3,4
kamicaze5,1,3,4
decafcovfefes,2,2,4
Fosse22,3,1,4
cynycal,2,2,4
Chop_Stick5,3,1,4
aColourfulBook,1,3,4
bumblezinnia,1,3,4
Cute-Albatross-7964,1,3,4
theseusptosis,1,3,4
WolfGuard_,1,3,4
Front_Performance_65,1,3,4
CanPhysical9423,2,2,4
davidreiss666,1,3,4
maxy3230,2,2,4
starlord_west,1,3,4
javasux,1,3,4
19b34413f6f60afd6e4c,1,3,4
hope9-,1,3,4
a9JDvXLWHumjaC,2,2,4
aneloz,3,1,4
aimannorazman,1,3,4
Ragnorian,3,1,4
InternationalTest193,1,3,4
Virtual_Park5049,2,2,4
SuccessfulLoser-,1,3,4
Responsible_Bit5295,2,2,4
ictiger2020,3,1,4
hhtr690,3,1,4
Bulky_Ad_8703,2,2,4
spinning_carousel,3,1,4
Lebowskinvincible,1,3,4
imads003,2,2,4
Routine_Current3412,1,3,4
LiveStreamReports,3,1,4
ScreamSmart,1,3,4
WhistleblowerGoWoo,2,2,4
thu2812,1,3,4
SurgeonInUse,3,1,4
hemlockfuture,3,1,4
YoutubeAnon_,1,3,4
AdLegitimate7912,1,3,4
chibban,2,2,4
Adodie,1,3,4
basafish,3,1,4
Major-Tradition-2101,3,1,4
New_Presentation_163,2,2,4
IntnsRed,1,3,4
LividLab7,1,3,4
Manic0892,1,3,4
Arj_123,1,3,4
ThatPortraitGuy,1,3,4
Cryllium,1,3,4
misskate100,1,3,4
ghasto,1,3,4
elevendayempire,1,3,4
super_compound,1,3,4
IntermittentDrops,1,3,4
CWABroadband,2,2,4
vicsand,1,3,4
Fit_Faithlessness398,1,3,4
Stroov,1,3,4
zenwalrus,1,3,4
breck,1,3,4
thelielmao,2,2,4
Sir_Sir_ExcuseMe_Sir,1,3,4
ConfusedSoap,1,3,4
Frosty_999_,1,3,4
CALLS-SOGU,1,3,4
GrizzleMeElmo,3,1,4
liverichly,2,2,4
lurker875,2,2,4
YetAnotherInvestor,3,1,4
cruisethevistas,1,3,4
wickedGamer65,1,3,4
DeppJohny,3,1,4
Capmiserable,1,3,4
Real-Yellow6356,3,1,4
dynojustmight,1,3,4
nikolatosic,1,3,4
peeps001,1,3,4
emeegee13,1,3,4
jiggly_bitz,1,3,4
Motor_Light,2,2,4
Awkward-Broccoli-150,1,3,4
dean72135,1,3,4
Own_Ad7145,1,3,4
Fidler_2K,1,3,4
technically_tech-ish,1,3,4
Rockztar,1,3,4
joevinci,1,3,4
8ozLambChop,1,3,4
BlackWidowStew,1,3,4
venvaneless,1,3,4
NearbyKiller,1,3,4
techictalk,1,3,4
misterneb,3,1,4
abifani,2,2,4
metalhead0710,2,2,4
CuckBartowski,1,3,4
TolulewisTamoka,1,3,4
There_can_only_be_1,1,3,4
Long_Beautiful6367,1,3,4
Leather_Dragonfly529,1,3,4
rdnk979,1,3,4
hiredhobbes,1,3,4
twistedpicture,1,3,4
FruitfulRoots,1,3,4
BLOGYONE,2,2,4
WillTrekker,2,2,4
reachingfourpeas,2,2,4
yogibeer73,1,3,4
Here_To_Educate,2,2,4
ColdIron27,1,3,4
Lordziron123,1,3,4
Zoner1501,1,3,4
phatvanzy,1,3,4
montrealcowboyx,1,3,4
Brilliant-Economy898,3,1,4
nafizzaki,2,2,4
thegravity98ms2,2,2,4
MisterBisker275,1,3,4
greenejames681,1,3,4
Kindly_Junket_2112,2,2,4
BBMic,3,1,4
johnbigdavidson,1,3,4
GreenTaylorShrimm,1,3,4
mtmm18,1,3,4
samjamtimtam,1,3,4
Tenith,2,2,4
GoodVibesSoCal,1,3,4
ProudBlackDood,1,3,4
pmwws,1,3,4
BronxLens,1,3,4
Embarrassed-Pay-9897,1,3,4
Powerful-Health8208,2,2,4
liotier,3,1,4
joeman_01,3,1,4
komi_diams,1,3,4
ThatSoftware4946,1,3,4
OPPineappleApplePen,1,3,4
joshhhhhxox,1,3,4
bssgopi,1,3,4
sarcyshysa9,1,3,4
Weird_Description982,2,2,4
cabinfeaver55,2,2,4
samemail88,3,1,4
HonnyBrown,1,3,4
Chemical-Working4986,1,3,4
No_Cat_No_Cradle,1,3,4
Soccerandmetal,1,3,4
RockJock2000,2,2,4
dschwanh,1,3,4
Life_Ad7566,3,1,4
Monad-Nomad,3,1,4
ApproximatelyExact,2,2,4
randomshitsz,1,3,4
Cheap_Farmer_6418,1,3,4
NeoCiber,3,1,4
LocutusofPicard,2,2,4
Crafty-Yoghurt-6296,2,2,4
tdmmnnl,2,2,4
DumplingsVsNoodles,2,2,4
save_the_scientists,1,3,4
Lurkingredditatwork,2,2,4
irenepanik,3,1,4
Asus550y,2,2,4
indi_n0rd,1,3,4
Speedy-McLeadfoot,1,3,4
kuberlog,1,3,4
SvenViking,1,3,4
Teejaygames200,2,2,4
Dapper-Bottle4886,1,3,4
FormerHandsomeGuy,1,3,4
noviceboysurfer,2,2,4
Alarmed_Term6665,2,2,4
Mikocryptonft,1,3,4
Secret-Radish8296,3,1,4
DunamisMax,1,3,4
Hatewars,2,2,4
Fast_Adhesiveness214,1,3,4
MoAwwal,1,3,4
Disastrous_Ad_9977,1,3,4
selux,1,3,4
Wiseguy_Legion,3,1,4
JarsobowNexdelt,1,3,4
callmetotalshill,1,3,4
Fid_Kiddler69,1,3,4
tost878,2,2,4
wtypstan,3,1,4
odwinc,3,1,4
poopmast,1,3,4
Thinkstorm94,1,3,4
Fit-Trainer-141,1,3,4
MonkSk8,3,1,4
thegram16,2,2,4
jbourne71,2,2,4
bocodad,1,3,4
Klutzy_Strike5828,3,1,4
Accomplished_Force68,3,1,4
Dramatic_Mixture_868,1,3,4
Confident-Cap-8100,1,3,4
genix12,2,2,4
Fabulous-Pineapple47,3,1,4
s3k2p7s9m8b5,3,1,4
nykzhang,3,1,4
wagslane,3,1,4
endeesa,2,2,4
0sculum3stm0rtis,1,3,4
rachidafr,1,3,4
PublicKnowledgeDC,2,2,4
ObreroJimenez,1,3,4
poirot100,2,2,4
Defiant-Disaster1403,3,1,4
iosmacapps,2,2,4
Miles-tech,2,2,4
DragonWarrior566,2,2,4
Lars9,1,3,4
throwaway-rhombus,1,3,4
CWang,3,1,4
eminhasanzadeh,3,1,4
gutty976,2,2,4
ItaSchlongburger,3,1,4
ParrotMafia,2,2,4
HopefulLong1653,1,3,4
gitlinuxpro,3,1,4
anjbotan,3,1,4
ReidFleming,1,3,4
ResponseLong9429,3,1,4
Menoparte,1,3,4
gurdijak,1,3,4
jbrennan36,3,1,4
saanvipatel099,3,1,4
TheDigitalPrepper,1,3,4
amanguupta53,2,2,4
yassmine-at,3,1,4
ZenonTech,3,1,4
natalkamarina,2,2,4
DumbledazzJones,1,3,4
RocketScient1st,1,2,3
gazzaridus47,2,1,3
BeefyFeefy,1,2,3
Feh_Claro,1,2,3
ShadowHandler,1,2,3
PazyP,2,1,3
DFW_Panda,1,2,3
EagleFly_5,1,2,3
spartan6222,1,2,3
gettinganked,1,2,3
wheredoudrawtheline,1,2,3
Danzillaman,2,1,3
DutchesBella,1,2,3
Faruyazy,2,1,3
Jeff531,2,1,3
maxim_roubintchik,2,1,3
elmouth,1,2,3
sanlux2,1,2,3
Jinx440,1,2,3
moophthemoomoo,1,2,3
dangerdaves,1,2,3
Cointhropologist,1,2,3
Bullet_Storm,1,2,3
DyingMustSuck,1,2,3
Jbg07_,2,1,3
Kperko,2,1,3
AgapeFire,2,1,3
golddragon88,1,2,3
aeplusjay,1,2,3
RaviBot,2,1,3
cryptowebnews,1,2,3
cakeboy1970,1,2,3
WackyBugyBro,2,1,3
roastedtoperfection,2,1,3
leonx81,1,2,3
run_ywa,1,2,3
RZHS2016,1,2,3
gargantuanliterature,2,1,3
addisonresearch,2,1,3
zrixes,1,2,3
qwertyloops,1,2,3
goodguygreenpepper,1,2,3
RobotEvangelist,2,1,3
CMDR_Tiger_king,1,2,3
Velcroninja,1,2,3
reddicyouloss,2,1,3
TheVisualizED,1,2,3
Dannyboycalifornia,1,2,3
Knotfloyd,1,2,3
alexshak83,1,2,3
houseofbacon,1,2,3
Trade_Invest,2,1,3
dlc9779,1,2,3
whiskeyjoe1978,1,2,3
riserocklivethrive,1,2,3
chelsea707,2,1,3
AltrdFate,1,2,3
oxamide96,1,2,3
crypdistro,1,2,3
carrombolt,1,2,3
JoeyBatters,2,1,3
Epicboosmen23_2,1,2,3
zevans08,1,2,3
Jescro,1,2,3
alreadyawesome,1,2,3
yashtiwariart,2,1,3
CortexExport,1,2,3
oper8or,1,2,3
novahunter,1,2,3
Bleeding_Irish,2,1,3
betasp,1,2,3
FlyingChinesePanda,1,2,3
anikhch,2,1,3
das_cthulu,1,2,3
Agamidae,1,2,3
Mediocre-Tower9367,1,2,3
zippythezigzag,1,2,3
RyzrShaw,1,2,3
Coolpop52,1,2,3
asscheeseterps710,1,2,3
bebbibabey,1,2,3
stixx3969,1,2,3
1000dinari,1,2,3
Avocognito1994,1,2,3
SouthRye,2,1,3
Ins_anI,1,2,3
MelinMetaMan13,1,2,3
Kimsn1,2,1,3
Silver_3108,1,2,3
JackFisherBooks,1,2,3
EquivalentAd6559,1,2,3
Kilo_G_looked_up,1,2,3
DrBillyHarford,1,2,3
dr-cringe,1,2,3
Particular_Leader_16,1,2,3
DonDickerson,1,2,3
Invader_Vex,1,2,3
nextdns,1,2,3
TheDoctore38927,1,2,3
AllGamersRnazis,1,2,3
oakmen87,1,2,3
speedhounds,1,2,3
AssociationDork,1,2,3
WileyWelshy,1,2,3
yuhong,2,1,3
LazyTunnel,1,2,3
riverecoli7,2,1,3
ewr3454r,2,1,3
GreatestHumanAlive,1,2,3
RetroShaft,1,2,3
makeasnek,1,2,3
exybom3,1,2,3
bebethebuilder,1,2,3
alisab22,1,2,3
gurkiransingh1,1,2,3
Unlucky_Jackfruit_33,2,1,3
I_Can75,2,1,3
Craccavelli,1,2,3
Ghostreo,1,2,3
BitFake,1,2,3
alexsms111,2,1,3
DonCarlitos,1,2,3
BurningRoast,2,1,3
wondernesss,1,2,3
whatsthe20,2,1,3
HauntingBiscotti,1,2,3
SyndicalistCPA,1,2,3
Plopfish,1,2,3
zicxor,2,1,3
Canadarm_Faps,1,2,3
jamesstudy1,1,2,3
Emergency_Reactor,2,1,3
elmijin69,2,1,3
LittleBiteOfTheJames,1,2,3
baltimoretom,1,2,3
Fankeii,2,1,3
Azidamadjida,1,2,3
Acceptable-Camera929,1,2,3
cleveland603,2,1,3
AmazingDragon353,2,1,3
paanpoodakarwakar,1,2,3
Carrot_8244,1,2,3
DisasterousGiraffe,1,2,3
ricardomackenzie,2,1,3
gaymer313,1,2,3
thefinalboss7,2,1,3
de_shelly,2,1,3
Aggravating-Ad3538,2,1,3
cubanocard,1,2,3
Theaches,1,2,3
Mavenwit,1,2,3
Techugoltd,2,1,3
melvinmetal,1,2,3
AnamalisticEndeavor,1,2,3
Inevitable-Shine1760,1,2,3
AliWS80,1,2,3
FantasticallyTwee,2,1,3
Tipicaltiger,2,1,3
TheTakenRoad,1,2,3
PoorClassWarRoom,2,1,3
sharika_shah,1,2,3
pshempel,2,1,3
Oogalicious,2,1,3
kayjays89,1,2,3
globehater,2,1,3
LolDotHackMe,2,1,3
Ghost_Redditor_,2,1,3
MadcowD,1,2,3
apc4455,1,2,3
CesareBach,1,2,3
rocketpianoman,2,1,3
JonoWalks78,2,1,3
sleezyweezel95,2,1,3
OldDanishDude,1,2,3
LarpInMyGoKart,2,1,3
ablazesqaids,1,2,3
No_Helicopter9361,2,1,3
Azur_3,1,2,3
Thermomanx,2,1,3
Mike7675,1,2,3
OldGuyGeek,1,2,3
digital_soapbox,1,2,3
seekingsolver6,1,2,3
RJA_Impact,2,1,3
Cookie_Cutter_Cook,2,1,3
unlitskintight,1,2,3
JSmith3406,2,1,3
sloppyfreddy,1,2,3
opiumtoad,2,1,3
SheepCantFly,2,1,3
_analysis230_,1,2,3
Kinelll,1,2,3
workaholic007,1,2,3
dank_science_memes,1,2,3
carlnx,1,2,3
knowledge-hunk,2,1,3
highkeylowkeyedup,1,2,3
ScorpWise,2,1,3
Hotdogpizzathehut,2,1,3
NoNoSabathia64,2,1,3
daisy45_pearl,2,1,3
Impressive-Mud-4977,1,2,3
Soul_Predator,1,2,3
boxer_dogs_dance,1,2,3
Desperate-Housing912,1,2,3
scubatom07,1,2,3
DiscountPoint,1,2,3
XoneSogie720,1,2,3
thebananasplits,2,1,3
figgerswireless,1,2,3
AlecLeama5,1,2,3
vovillia,2,1,3
Cosmic_Ray_Bit_Flip,1,2,3
ThriftyNickel57,1,2,3
Ghazali_Sukhera,2,1,3
xXxFeatherFieldxXx,1,2,3
novapbs,2,1,3
scjcs,1,2,3
teckno819,2,1,3
Legitimate_Ad_3651,2,1,3
ScorpioDawn1111,1,2,3
DaveyG80,1,2,3
Slow-Investigator-96,2,1,3
ChrisArmy,1,2,3
Techgeek_025,1,2,3
sunshineee33,1,2,3
Kipkarmic,1,2,3
Biiti,1,2,3
TheDoeTheJohn,1,2,3
AamirQ715,2,1,3
Intelligent-Gap-3930,2,1,3
palefire999,1,2,3
ButcherStorm,2,1,3
gamedevyash,2,1,3
UppBuzz,1,2,3
Harjot_2552,1,2,3
Inevitable_Invite733,1,2,3
Flashy_Ad_275,2,1,3
Cliff_Dibble,2,1,3
happy2003086,1,2,3
vulcan_on_earth,2,1,3
D_E_Solomon,1,2,3
ghosted411,1,2,3
Choice_Moment9895,2,1,3
Stabilizer_Jenkins,1,2,3
backlinksforseo1,2,1,3
Easy-Neat9784,1,2,3
userslashbetter,1,2,3
ngn0318,1,2,3
Express_Turn_5489,1,2,3
kingjames488,2,1,3
ChampionshipFew432,2,1,3
CBSnews,1,2,3
Accomplished_Cow_303,2,1,3
FashionEcstasy,2,1,3
jakeanderson121,2,1,3
Negative_Ad6063,1,2,3
generic_psychonaut,2,1,3
99problemsbutt,1,2,3
nitrogenXcube,1,2,3
SusBuilderMC,2,1,3
this_is_bad_yall,2,1,3
JusteZulu,2,1,3
Redbeard,1,2,3
RoutePackets,1,2,3
Fantastic-Pangolin20,1,2,3
timmy6169,1,2,3
ElXGaspeth,1,2,3
dicksinabag,2,1,3
crispy_attic,1,2,3
BoJaX1,2,1,3
-C0MPUTER-,1,2,3
BrickStatus7770,1,2,3
SaberTheQueen,1,2,3
stephansteve87,2,1,3
Ravenq222,1,2,3
DMan9797,1,2,3
bluedaddy526,1,2,3
JJBoren,1,2,3
DispenserWizard,1,2,3
Various-Breath2517,1,2,3
iusemydogshampoo,1,2,3
Morghiad,1,2,3
41varo,1,2,3
ConditionFine7154,1,2,3
race2tb,1,2,3
Readypsyc,1,2,3
juanTressel,1,2,3
bmwracer0,1,2,3
Cacious,1,2,3
Aquatim,1,2,3
Ok_Upstairs7832,1,2,3
VariousVarieties,1,2,3
Kevtron,1,2,3
DangerCheck,1,2,3
IM-VRnAR,2,1,3
fkmodidts,1,2,3
flatearth_user,2,1,3
ic7806,1,2,3
DarkWhirlpool,1,2,3
raatmarien,1,2,3
foregoingscissors,1,2,3
Strong-Detective9071,1,2,3
thepeanutsfootball,1,2,3
Csj2454,1,2,3
Wildcrabet,2,1,3
rbartlejr,2,1,3
khasta1,2,1,3
RenegadeUK,1,2,3
NorrieRugger,1,2,3
Murky_Floor4805,1,2,3
Fire7707,1,2,3
SiiJey,1,2,3
Candydfloss,1,2,3
Thegreatgarbo,1,2,3
YouGetHoynes,1,2,3
Kurumi_Shadowfall,1,2,3
chris3000,1,2,3
e2analyst,1,2,3
zck,2,1,3
Fair_Feeling_933,1,2,3
techlover44,1,2,3
EncountersApp,2,1,3
StupidRedditorBTW,2,1,3
LordFedorington,1,2,3
Troll_Random,1,2,3
AdCapital2210,2,1,3
Otherwise-Pen-5181,1,2,3
nikhilb_local,1,2,3
vermontyplier,1,2,3
IASIPxIASIP,2,1,3
lpsupercell25,1,2,3
FriendsCallMeZ,2,1,3
castella-1557,2,1,3
zabaduza,1,2,3
jungongsh,1,2,3
interdimensionaltaxi,1,2,3
IndepeEann,1,2,3
nekmint,1,2,3
ai-added,2,1,3
EDMlov3,2,1,3
69_420_420-69,1,2,3
nath1234,1,2,3
GnarlyStuff,1,2,3
effgee,1,2,3
smmedianews,1,2,3
Zaggie,1,2,3
Jennie_Ruby_,1,2,3
Night247,1,2,3
kwentongskyblue,2,1,3
TheGuvnor247,2,1,3
default_redditor1,1,2,3
iBalls,2,1,3
bagaudin,1,2,3
WrithingBat,1,2,3
dj-ekstraklasa,1,2,3
AumentIO,1,2,3
ParaDigitz,1,2,3
new-man2,1,2,3
Fancy-Plastic7703,1,2,3
IrkedMaxx,1,2,3
samueljbrewer1,1,2,3
MrFantomBOI,1,2,3
cricri3007,1,2,3
Both-Classroom-2877,2,1,3
kalianes,1,2,3
Jealous-Indication-8,2,1,3
FickleEcho429,1,2,3
atthejrr2,1,2,3
Blnk_usr,1,2,3
M_O_N_T_I,1,2,3
spectre013,1,2,3
Efficient_Speed1221,1,2,3
Cold-Challenge9971,2,1,3
slow_ultras,2,1,3
jmbsc,2,1,3
Arawish,1,2,3
MirceaKitsune,1,2,3
Rocky_Mountain_Way,1,2,3
ilikegoogle,2,1,3
dragon8811,2,1,3
The____Wizrd,2,1,3
ur_comment_is_a_song,1,2,3
ProRace_X,1,2,3
neuralsyntax,1,2,3
Arebranchestreehands,1,2,3
TheDivon,1,2,3
timafoliy,2,1,3
Starlight_369,1,2,3
Willthehacker,1,2,3
aeranis,1,2,3
Brandon4466,1,2,3
pnewuser,1,2,3
anushka-gupta,1,2,3
Sarah_with_hh,2,1,3
Jkorija,1,2,3
Saborwing,1,2,3
Thementalistt,1,2,3
SubhoPal,1,2,3
WebApp-Store,1,2,3
theayosamuel,1,2,3
Robertchevvy,2,1,3
ScipioAtTheGate,2,1,3
Anywhere-Little,1,2,3
joostbosman,1,2,3
PepeBabinski,2,1,3
Manfred_89,1,2,3
maybombs,1,2,3
o_t_i_s_,1,2,3
alexiosanta,1,2,3
FourMakesTwoUNLESS,2,1,3
thefunkylemon,2,1,3
Jae-Bum,1,2,3
larel8,1,2,3
chopsui101,1,2,3
lisasmatrix,1,2,3
Moto_Davidson,1,2,3
iboughtarock,2,1,3
RevolutionaryCatch5,1,2,3
BTrain76,1,2,3
RodolfoTheWriter,1,2,3
locks_are_paranoid,1,2,3
CrackSand,1,2,3
DarkHaagenti,1,2,3
da_chosen1,1,2,3
HorrorAstronomer,1,2,3
Formal-Stranger-5914,1,2,3
damian2000,1,2,3
nekorocket,1,2,3
imagrandma2,2,1,3
Huckleberry_007,1,2,3
ThisIsNotCorn,2,1,3
a4anishm,2,1,3
theamazingcalculator,1,2,3
MrMusAddict,1,2,3
Necessary-Captain-72,1,2,3
LeVentNoir,1,2,3
Entreprenuer10000000,2,1,3
EvilBison420,1,2,3
Supercompositeman13,1,2,3
ThisSeaworthiness,1,2,3
Kortayn,2,1,3
SGVKidd626,1,2,3
Climhazzard73,1,2,3
Ok-Common-177,2,1,3
kemkomkinomi,1,2,3
anemomylos,1,2,3
MadManCrow,1,2,3
ReasonableWedding661,1,2,3
LM_04,2,1,3
mostlybiscuit,2,1,3
rogerthelodger,1,2,3
shakeyjake,1,2,3
ProfessionDramatic33,2,1,3
GodsendNYC,1,2,3
Wbab-Casual,2,1,3
burtcopaint,1,2,3
riverstyxoath,1,2,3
thyshinycatafalque,1,2,3
chmp356,1,2,3
alairock,1,2,3
sadnlonely916,1,2,3
MeAmBizarro,1,2,3
I-Have-N0-Username,1,2,3
Unhappy_Raspberry_21,1,2,3
brczaj,1,2,3
Todyfor,2,1,3
cocoanut_palm,2,1,3
Rook32KingPawn,1,2,3
themanxx72,1,2,3
addy_newton008,1,2,3
fv7061,1,2,3
Izshringels,1,2,3
VNKT-FOREVER,1,2,3
shardoolkashyap,2,1,3
Ok-Advisor-668,1,2,3
Adventurous-Bed8851,1,2,3
KmballKnn1son499,1,2,3
stha_magar,2,1,3
pmaf,2,1,3
Apart_Bag_1237,1,2,3
bluecapella,2,1,3
Ok-Recipe-3762,2,1,3
WiserNewsletter,1,2,3
LimeeSdaa,1,2,3
potato_patato1,1,2,3
GhostofUkraine,2,1,3
No_Big_5687,2,1,3
Tunlin555,2,1,3
Enostro,2,1,3
IsraelPimentel,2,1,3
Archchancellor,1,2,3
Cyberpunk-News,2,1,3
Dylan67167,2,1,3
shtefhan,2,1,3
three_dots--,1,2,3
Cubeytheawesome,1,2,3
UCantCenaMe,2,1,3
Leading_Standard_998,2,1,3
creativefisher,2,1,3
shickari,1,2,3
PseudoPatriotsNotPog,2,1,3
johnryan433,1,2,3
TheHolsh,1,2,3
SuccessfulArticle218,1,2,3
Routine_Ask3374,2,1,3
keatonhj,1,2,3
hartator,1,2,3
Wild_Dragonfruit1744,1,2,3
DigitalKingKD,2,1,3
Bright_Ad_2848,1,2,3
ButtonOrchid,2,1,3
aztroneka,1,2,3
LazyWIS,2,1,3
Expensive_Ball6802,2,1,3
jeemchan,1,2,3
Sihal,1,2,3
bbellini,1,2,3
boxxkicker,1,2,3
respectyoelder,1,2,3
Constable306,1,2,3
__ejdjsj,2,1,3
Just_Another_Gen-Zer,1,2,3
fatuous_uvula,1,2,3
jurgemaister,1,2,3
the_internaut01,1,2,3
slinkyminks,2,1,3
aScottishBoat,2,1,3
Karekajr,2,1,3
Pilsner_Maxwell,1,2,3
Ogbeski9223,1,2,3
outlawlooseandrunnin,1,2,3
jmdawson,2,1,3
maygamer96,1,2,3
Skeletor1991,1,2,3
CaliPirate421,1,2,3
eljuanjamon,1,2,3
EhabAlwi,1,2,3
Silver-Knight-Archer,1,2,3
bdzz,2,1,3
nullbreakers-1,1,2,3
awacian,1,2,3
spency1969,2,1,3
PostDisillusion,1,2,3
nexttechmagzine,1,2,3
Triflesaurus,1,2,3
S-XMPA,1,2,3
how-unfortunate,1,2,3
malus545,1,2,3
MayaNaza99,2,1,3
chrisjelly89,1,2,3
wavlink21,1,2,3
andricp77,2,1,3
dumnezilla,1,2,3
TopClassActions,1,2,3
jickay,1,2,3
ILikeWaffles69420911,2,1,3
baracud,1,2,3
Pristine_Humor5895,1,2,3
TheSneezingBurglar,1,2,3
Fun-Savings-3679,1,2,3
robotchild,1,2,3
priforce,1,2,3
Revolutionary-Rub671,1,2,3
westerbypl,2,1,3
ctrocks,1,2,3
ingle,1,2,3
Brazz_Kings,1,2,3
IcantBeYoursJJ,2,1,3
bhope95,2,1,3
LeSpatula,1,2,3
_tomb,1,2,3
BecomingConfident,2,1,3
cybr0_,2,1,3
kwiens,2,1,3
Monocytosis,2,1,3
rawmustard,2,1,3
AttibasiC,1,2,3
Just-Emu-friend,1,2,3
someonealreadyknows,1,2,3
Western-Set-2739,1,2,3
NeoPaper,2,1,3
xerexes1,1,2,3
batdongsan25h,2,1,3
Normal-Yesterday-759,1,2,3
raymer08023,1,2,3
gordon-cormack,1,2,3
TenDeadF1ngerz,1,2,3
amlunita,1,2,3
SoundsLikeFraud,1,2,3
linton322,1,2,3
OnTheRoadToKnowWear,1,2,3
onesmugendi,2,1,3
seabb,1,2,3
morewubwub,1,2,3
DeplorableCaterpill,1,2,3
Status_Butterscotch9,2,1,3
redditahsan,1,2,3
thejusk34,2,1,3
nyx210,1,2,3
info_jpgc,1,2,3
La5to,1,2,3
infiniti_ventures,1,2,3
DVDfever,2,1,3
Chihuahua_Oracle,2,1,3
FingApp,2,1,3
norasimon,1,2,3
5gslave,1,2,3
socialanddistantecho,2,1,3
90skid91,2,1,3
Perk6996,1,2,3
ychetyrko,2,1,3
electric4568,1,2,3
T2542,1,2,3
Personal-Astronaut97,1,2,3
wheresthekitty,1,2,3
DocPersia,2,1,3
FunnyPhrases,1,2,3
DD8285,1,2,3
Beginning-State8211,1,2,3
trickbear,1,2,3
felixanderfelixander,2,1,3
CanisSirius,1,2,3
s0m3f00l,1,2,3
That-Row-3038,1,2,3
trevelyan22,1,2,3
SheepMilkLover,1,2,3
TheArshMaan,2,1,3
saggio89,1,2,3
Desperately_MIT_1238,2,1,3
Bismarck_98,1,2,3
NYC_Rider_Ghost,2,1,3
Neitzi,1,2,3
eviarts,1,2,3
ClassroomOk462,1,2,3
Mboyatom,1,2,3
HanBB1991,1,2,3
--Mulliganaceous--,1,2,3
rcobylefko,2,1,3
AR_MR_XR,1,2,3
timNinjaMillion2,2,1,3
Cwernick17,1,2,3
Sannikova,1,2,3
Jenkf248,2,1,3
zim0369,1,2,3
elfangor_,1,2,3
quubits,1,2,3
AnimeExpoGuy,1,2,3
fuzzyfrank,1,2,3
that_shing_thing,1,2,3
Olisa99,2,1,3
Thiago775,2,1,3
YouBetterReadThis,1,2,3
poclee,1,2,3
Rkeriem,1,2,3
HPheavyindustry,1,2,3
limitless_exe,2,1,3
VladtheInhaler999,1,2,3
BZ1997,2,1,3
Davebrookv,1,2,3
nugelz,1,2,3
Sergio_Raguso,2,1,3
NDMagoo,1,2,3
agachateyacm1pt,2,1,3
EducationalFig1911,2,1,3
CuteDiet,1,2,3
the-code-chic,2,1,3
knightpendragon,1,2,3
putney,1,2,3
falloutgirl422,1,2,3
effetk,1,2,3
moonchitta,2,1,3
Autistic_Jimmy2251,1,2,3
rathisachin,2,1,3
Emergency_Network,2,1,3
elcric_krej,2,1,3
Meowmixez98,1,2,3
VillageKangaroo,2,1,3
ezrakyk,1,2,3
bradjawnsin,1,2,3
are-they-droopin-yet,1,2,3
reinhardt2022,2,1,3
Kind-Ad1300,1,2,3
Expensive-Public8895,2,1,3
TRUE_COMMUNIST,1,2,3
bejeweled1415,2,1,3
jaydata07,1,2,3
noBananas,2,1,3
Awakeinthedr3am,1,2,3
Ill-Exchange-5729,1,2,3
Odd_Celery_6572,2,1,3
9lobaldude,1,2,3
Dartonion,1,2,3
_timegypsy_,1,2,3
MrNokiaUser,1,2,3
santhiprakashb,2,1,3
Do_You_Remember_2020,1,2,3
DavidJ2022,2,1,3
Supremealexander,1,2,3
shanoxilt,1,2,3
Few_Foundation_5331,2,1,3
breweeet,2,1,3
moneymagnet777me,2,1,3
UKbeard,1,2,3
HavanaWoody,1,2,3
thrixhero,2,1,3
ProceduralDeathLab,1,2,3
DayExternal7645,2,1,3
slack-master,1,2,3
connect_social9,2,1,3
CuckyMonstr,1,2,3
spermo_chuggins,1,2,3
Newbikesmell,1,2,3
vigilantisizer,1,2,3
ProgramticWhiskerDoc,2,1,3
Physics_Jaded,1,2,3
Last-Divide-6666,2,1,3
mikey_croatia,1,2,3
Science_421,2,1,3
mehere14,1,2,3
technonerd,1,2,3
eoinii,1,2,3
Userisusers,1,2,3
Tymiki,2,1,3
Tau_of_the_sun,1,2,3
preludeoflight,1,2,3
Pharmabros,2,1,3
shywicklow,1,2,3
wJaxon,2,1,3
PrestigiousGuava,1,2,3
decixl,1,2,3
Prestigious-Cook8956,1,2,3
intedavid,1,2,3
R3dditReallySuckz,1,2,3
44cksSake,1,2,3
netman85,2,1,3
krisko_negura,1,2,3
guacamole_is_extra,1,2,3
Bqrius2day,2,1,3
leonardo_demon,1,2,3
MonkeyBoyPoop,1,2,3
i_amstark,1,2,3
scot816,2,1,3
Menacebear,2,1,3
throwawayaway539,1,2,3
AverageMinceraftFan1,1,2,3
_Mat_San_,1,2,3
deepSeaStroker,2,1,3
GoogleBobP,1,2,3
nickchavis84,2,1,3
HasAlgae,2,1,3
DazedNConfucious,1,2,3
Thunderrock4242422,2,1,3
david-jones-me,2,1,3
MurkyPrototype,2,1,3
goodwallboy,1,2,3
metroidhunterexpert,1,2,3
sophiaAngelique,1,2,3
NoseSuspicious,1,2,3
noneintherub,1,2,3
slayerjain,2,1,3
ObjectiveObserver420,2,1,3
divyansh_30,1,2,3
gamiseki1977,2,1,3
danm1980,2,1,3
Marksman777,2,1,3
BirdgeHead,2,1,3
alpharivetech2,2,1,3
dummyTukTuk,1,2,3
OmgThatDream,1,2,3
Bobbymose,1,2,3
MeineBryon01,1,2,3
samsimon123,1,2,3
PulpyEnlightenment,1,2,3
hannan_jamil,2,1,3
Ellen_HackerNoon,2,1,3
SaidTheCanadian,1,2,3
Regulus0,1,2,3
RailsApps,1,2,3
Galverizer,1,2,3
KINgGh0sT,1,2,3
Skidoodilybop,1,2,3
JustinLing,1,2,3
Ill_Fisherman8352,1,2,3
abetterjuul,1,2,3
eurostarbd,2,1,3
Jourdy288,1,2,3
Wanan1,2,1,3
Redditsoldestaccount,1,2,3
McCringleberried,2,1,3
ecursiver,1,2,3
nyenkaden,1,2,3
kr0bat,1,2,3
s3l3,1,2,3
nigeltrademark,2,1,3
lazy-jones,1,2,3
ALongOverdueSpanking,1,2,3
Eg0nxz,1,2,3
bitCringeInitbruv,1,2,3
Daronmal12,1,2,3
thaw4188,1,2,3
Bane_SRB,1,2,3
Responsible_Skill820,2,1,3
PanDariusKairos,1,2,3
thefoodboylover,2,1,3
vscoy00,2,1,3
Tight_Nerve,1,2,3
BinkReddit,2,1,3
j0hn_Les3_R1pp3r,1,2,3
jerrylovesbacon,1,2,3
4DayWeekUS,1,2,3
ExtremelyAlarming,1,2,3
AgentFN2187,1,2,3
CyberPunkMetalHead,2,1,3
intothedragon2,1,2,3
Few_Victory_1922,2,1,3
uppitymexican,2,1,3
endubai,2,1,3
BlackShadow088,2,1,3
Triangulasaurus,1,2,3
InternationalArm4463,2,1,3
StoneEater,1,2,3
me-i-am,1,2,3
passiverapist,1,2,3
MousseMother,1,2,3
nanoman956,1,2,3
onepingnramius,1,2,3
throwawayanon1252,1,2,3
kirky29,1,2,3
LazarianV,1,2,3
comingsoonnews,2,1,3
Every_Zucchini,1,2,3
floccinauciNPN,1,2,3
mark_b,1,2,3
Kernelbash,2,1,3
briaowolf,1,2,3
Akakumura,2,1,3
that_young_man,2,1,3
notdeyknowferro,1,2,3
FastForwardOfficial,2,1,3
loadtheboat,1,2,3
RobertPopescuYT,1,2,3
mothwizzard,1,2,3
TekhEtc,1,2,3
RayRayBeatU,1,2,3
bamboozled_bubbles,1,2,3
Nothing-Pretty,1,2,3
bslade,1,2,3
KingMidas369,1,2,3
Putrid_Section_0,1,2,3
big-spongebub,2,1,3
SlightlyMadSalad,1,2,3
iamthakurabhishek,1,2,3
TwitterElon,1,2,3
CurvaParabolica,1,2,3
GroMicroBloom,1,2,3
RezwanShovon,2,1,3
flymeanywhere,2,1,3
Additional_Day_8410,2,1,3
WearyThanks,2,1,3
SamNav03,2,1,3
cloud52ab,1,2,3
DisastrousVanilla383,1,2,3
il_edonismo,1,2,3
dingustinguss,1,2,3
SPENDER-03,1,2,3
wellstone,2,1,3
joker_wcy,1,2,3
AlbatrossImportant32,2,1,3
ItsYourBoyFBP,1,2,3
crzydim0nd,1,2,3
wirerider,2,1,3
Current_Cry_3672,2,1,3
0utlin3,1,2,3
kollaganusprimor82,1,2,3
cop3213,1,2,3
jaggedmaam,1,2,3
valentinovic,2,1,3
Pale-Equal,1,2,3
painterman99,1,2,3
supmandude,1,2,3
sayy_yes,1,2,3
Bigbang3226,1,2,3
ellbag,1,2,3
tro_tro9,1,2,3
cptahab69,1,2,3
TJVD84,2,1,3
ILoveAustinTexas,1,2,3
vts_o,2,1,3
homestead1111,1,2,3
motorsportnut,1,2,3
pkpkpkpk,1,2,3
therohannigam,1,2,3
ReasonableAdvance850,1,2,3
Mateo03,1,2,3
mainelane,1,2,3
buttchexsizdabez,1,2,3
2tidderevoli,2,1,3
SunnyHappyMe,1,2,3
PaleontologistDue258,1,2,3
Next_Dimension74,2,1,3
Factory24,1,2,3
RPG_breakr,2,1,3
Inthewoodlands,1,2,3
zoefzootje,2,1,3
JBJB1029,1,2,3
LigmaBalls-420,1,2,3
Handaffe,2,1,3
Lucid_G,1,2,3
ninedashlines,1,2,3
Epicurium,2,1,3
SuburbanDad5595,1,2,3
Physical-Pack-2383,2,1,3
julian88888888,1,2,3
Twigling,1,2,3
bearjew64,1,2,3
doubtyy,1,2,3
Environmental_Arm440,1,2,3
clacker96,1,2,3
CoachFrontbutt,1,2,3
Davesh-Manral,1,2,3
ZabihBakhtiari,1,2,3
ConceptAlert7493,2,1,3
CockroachOk6363,1,2,3
kfthebest97,1,2,3
Sukneh,1,2,3
PcGamezzz,2,1,3
Independent_Ad6206,1,2,3
BrandiBlitz,2,1,3
dw3t,1,2,3
Mr_Paperwala,1,2,3
promisesam,1,2,3
New_Green2342,2,1,3
Savage_Bruski,1,2,3
-Omegamart-,2,1,3
I_Am_Become_Dream,1,2,3
Velocityx41,1,2,3
samiranghosh,2,1,3
beneway,1,2,3
Jealous-Creme9985,2,1,3
kossmoss121,2,1,3
TheKidd,1,2,3
Imcomingforyouboii,2,1,3
youngkin2024,2,1,3
GambinoLynn,1,2,3
PoopooMcphearson,2,1,3
decode47,1,2,3
Cannabisness1374,1,2,3
DarkPharm2,2,1,3
AlbertoRomGar,1,2,3
fudgy_brownies,1,2,3
Raj_TechBunny,2,1,3
ItsMeMario1337,1,2,3
notmouldyyet,1,2,3
Nokia_5230,2,1,3
Kingflares,2,1,3
Nsertnamehere,1,2,3
socraticlad,1,2,3
suspiciousbiography,1,2,3
thundermat0009,2,1,3
raylan1234,1,2,3
Bee-A-Queen,2,1,3
throwaway234234348,1,2,3
tasteless,1,2,3
Omnipotentbeing73,2,1,3
fatheadfish-,1,2,3
nobleaks,2,1,3
Mars2k21,1,2,3
Project_Lude,2,1,3
GarethX,2,1,3
Andy__Stutz,1,2,3
Phineas1500,1,2,3
2xhenny,2,1,3
signal,1,2,3
Jod1112,2,1,3
el_empty,2,1,3
mikaelus,2,1,3
BiascicaLibbeccio,1,2,3
fbhtechinfo,1,2,3
aramakiscalzinov,1,2,3
EagleEyeStx,1,2,3
douglas9630,1,2,3
techcouncilglobal,2,1,3
dreezyforsheezy,1,2,3
Cataclysm-Nerd01,2,1,3
lts_talk_about_it_eh,1,2,3
orionchocopies,2,1,3
Pretend_Cookie7401,2,1,3
NuclearCodebreaker,1,2,3
kg4jxt,1,2,3
grace1611,1,2,3
PlaneOk3184,1,2,3
_warm-shadow_,1,2,3
Media_Club,2,1,3
Mr_MadHat878,1,2,3
Brendon_Scott845,1,2,3
mattyjoe0706,2,1,3
PuzzleheadedNotice7,1,2,3
DCGMechanics,2,1,3
Creative_Habit_6868,2,1,3
RandyFDT,2,1,3
ReporterDiaries,1,2,3
Bossman01,2,1,3
haltiamreptar1222,1,2,3
whole__sense,1,2,3
laul_pogan,1,2,3
otgaming13,2,1,3
redchili,2,1,3
hodlmymoon1,2,1,3
LookUpDonaldMarshall,1,2,3
rainywhy,1,2,3
bearssurfingwithguns,1,2,3
lifenvelope,1,2,3
radicaltronic,1,2,3
Successful-Sugar-246,1,2,3
nanofriction,2,1,3
signicent,2,1,3
Dynamics_20,2,1,3
wainsyindia,1,2,3
LumosDC,2,1,3
wejo_HQ,2,1,3
anonymoussthingss,2,1,3
thirukkumaran29,2,1,3
fxckingrich,1,2,3
SLUSounder,1,2,3
MilllzInThisBitch,1,2,3
dshen888,2,1,3
Runner_one,2,1,3
vinayak_nair,2,1,3
Profligatus,1,2,3
JoyousCreeper,1,2,3
GroovyInvestments,2,1,3
LiviaSerrano,1,2,3
Spunkie,1,2,3
DaddySkates,1,2,3
b_buster118,2,1,3
RedCarpetEvent,2,1,3
Maraging_steel,1,2,3
gujaratiraja,1,2,3
Sveta_Civenty,1,1,2
firetonian99,1,1,2
Helios_Escar22,1,1,2
Rustin007,1,1,2
Apprehensive-Cat623,1,1,2
FoxKitty420,1,1,2
Darius536392,1,1,2
CustardOk3877,1,1,2
RecognitionFluid3989,1,1,2
sharkiess,1,1,2
dylanl2222,1,1,2
undervarderat,1,1,2
numonkeys,1,1,2
dydx4j,1,1,2
Silverbill-,1,1,2
Arch_winter,1,1,2
Native411,1,1,2
aL_eX49,1,1,2
aabdelkader,1,1,2
Pokslol,1,1,2
-mouth4war-,1,1,2
mm1899,1,1,2
james_white22,1,1,2
Weary_Inevitable_313,1,1,2
Which-Wrongdoer7829,1,1,2
blogger828,1,1,2
ConversantPuggat,1,1,2
Hazzation1,1,1,2
ccpshrilldetective,1,1,2
ProfessionalPeanut69,1,1,2
Single-Gur4990,1,1,2
Sandarupeiris,1,1,2
alabasterheart,1,1,2
parkylondon,1,1,2
haruishi,1,1,2
daletanner35,1,1,2
drsect0r,1,1,2
almeldin,1,1,2
sassysalmnder,1,1,2
RichardMau5,1,1,2
phenomenal11,1,1,2
tompki04,1,1,2
LumTse,1,1,2
Thavus-,1,1,2
Routhwick,1,1,2
Andalib_Odulate,1,1,2
t3ss3ract,1,1,2
ruindig,1,1,2
shubhp13,1,1,2
swamdogmillionaire,1,1,2
TheCarrot_v2,1,1,2
KnightsOfC197,1,1,2
Cryptorealmoneyman,1,1,2
technomancer-09,1,1,2
BitingPosting35,1,1,2
Juanster7,1,1,2
johantino,1,1,2
eeadpi,1,1,2
chillmanstr8,1,1,2
Ilikeng,1,1,2
princeweather,1,1,2
Plenty_Marzipan_4477,1,1,2
carty1999,1,1,2
Hot_Depth_6778,1,1,2
colinhb,1,1,2
AmericanCitizen11,1,1,2
Myfreecams_Is_CIA,1,1,2
Shadd0w_heart,1,1,2
merchantmariner01,1,1,2
Lobstaparty,1,1,2
Recent_Material_3632,1,1,2
Liistrad,1,1,2
GABOCOTA,1,1,2
snowsnothing,1,1,2
Signal_Inevitable_31,1,1,2
PM_ME_UR_MARINARA,1,1,2
Particular_Put_6911,1,1,2
ppl-,1,1,2
Master-Squirrel-7611,1,1,2
C4Oc,1,1,2
Paul0416,1,1,2
i_devansh_chaudhary,1,1,2
External-Anxiety4210,1,1,2
1b992b,1,1,2
Juniorwutang,1,1,2
liberal_senator,1,1,2
CreateYourself89,1,1,2
CaptainSeverus,1,1,2
pinktacobuffet,1,1,2
ak1er,1,1,2
Pleasantlyracist,1,1,2
Valuable-Solution860,1,1,2
StockHolmeSynDrome,1,1,2
Insider_Research,1,1,2
WhatsTheFrequencyGus,1,1,2
Zealousideal_Nose437,1,1,2
iicurious,1,1,2
OlympuTock,1,1,2
Money_Reach,1,1,2
TheProtector_007,1,1,2
HackerTracker10,1,1,2
bacryptoze,1,1,2
one_moment0318,1,1,2
Firm_Walrus2156,1,1,2
pairsofsox,1,1,2
Coastalregistration,1,1,2
kernraftingdotcom,1,1,2
aksdafox,1,1,2
softwoodcoder,1,1,2
who8mybrownie_,1,1,2
Ulrichvon_Jungingen,1,1,2
Easy_Front_9269,1,1,2
nkk47,1,1,2
riseguytx,1,1,2
Local_Corner,1,1,2
FloridaHobbyist,1,1,2
Zealousideal-Way-280,1,1,2
SebJenSeb,1,1,2
Rukasu17,1,1,2
46patisse,1,1,2
Posts_as_Slick_Rick,1,1,2
AnotherDullUsername,1,1,2
Shama1502,1,1,2
csm_media,1,1,2
squirtgun_bidet,1,1,2
BettercallMyself,1,1,2
8bgnome,1,1,2
Jumpy_Macaron_1455,1,1,2
Gust_on_Fire,1,1,2
n_body,1,1,2
chapsmoke,1,1,2
Gaskines-Xboy,1,1,2
sakhastan,1,1,2
ryanad52,1,1,2
HippieCrusader,1,1,2
Syoff,1,1,2
bostondotcom,1,1,2
dacommie323,1,1,2
Dry-Comparison-843,1,1,2
joneslillycal,1,1,2
RandomNumber4280,1,1,2
Er_Eisenheim,1,1,2
ReadItSteveO,1,1,2
Lilith97_,1,1,2
CourtingBoredom,1,1,2
No-Explorer-8229,1,1,2
SnooMacaroons4624,1,1,2
xenowife,1,1,2
purforium,1,1,2
PlatFormPlayZ,1,1,2
tuthanika,1,1,2
BasculinSushi,1,1,2
sonicruiser,1,1,2
alphaaldoushuxley,1,1,2
Poseidon927,1,1,2
somebody_usedtoknow,1,1,2
addressunknown,1,1,2
Marcuzio,1,1,2
deadsexy1990,1,1,2
Hedsagor134,1,1,2
Igoooreq,1,1,2
sixwaystop313,1,1,2
ShlomoBerlin,1,1,2
r0aD_mAsteR,1,1,2
Baddest-Santa,1,1,2
Huds0nhawc,1,1,2
markbya,1,1,2
Robert_London,1,1,2
xen0s20,1,1,2
Minimum-Membership-8,1,1,2
Scan-of-the-Month,1,1,2
NavarrB,1,1,2
Zamicol,1,1,2
_barisbaris_,1,1,2
AmbitiousFuture7261,1,1,2
Minneapolitanian,1,1,2
FunHunf,1,1,2
Inner-Technician1628,1,1,2
yipra97,1,1,2
iamaconsumer,1,1,2
Inevitable-Eye5544,1,1,2
JBowers92,1,1,2
iloveitwhenya,1,1,2
YoucancallmeCoco,1,1,2
TheInstantGamer,1,1,2
Dazzling-Try57,1,1,2
officially_bs,1,1,2
AlbertoRetardo,1,1,2
soma76968,1,1,2
Avandegraund,1,1,2
xsarahwhitex,1,1,2
DadCap20,1,1,2
runofthebulls,1,1,2
Level_Confidence_986,1,1,2
Vjhole,1,1,2
Ath-x64,1,1,2
Informal_Collar426,1,1,2
Rude-Temperature3868,1,1,2
milieu_b,1,1,2
ivrw_qlsmhlm,1,1,2
Ok_University_8213,1,1,2
tta2013,1,1,2
leonardo131995,1,1,2
zWasuu,1,1,2
Hibernating_Rhinos,1,1,2
StopWastingTimeRayan,1,1,2
Sam_Buck,1,1,2
sunyichen0404,1,1,2
plsletmepost,1,1,2
cpux86,1,1,2
seaweedbrain0712,1,1,2
DunDunnDunnnnn,1,1,2
aiptruss,1,1,2
JellicleSith,1,1,2
No-Check3100,1,1,2
nzupan,1,1,2
mtrees3,1,1,2
kawarazu,1,1,2
Sapotis,1,1,2
qwertyqyle,1,1,2
Brightlio,1,1,2
Samurai1718,1,1,2
MistakeDiligent1021,1,1,2
efffalcon,1,1,2
deletedaccount41307,1,1,2
Hufflefucked,1,1,2
titlefightme,1,1,2
Ok_Volume9307,1,1,2
tamyahuNe2,1,1,2
gujaratsarakarijob,1,1,2
Realistic-Dingo-6795,1,1,2
SaxonSteed,1,1,2
mudit1011dube,1,1,2
Cold_Snow,1,1,2
Darkangelwarlord,1,1,2
sexpressed,1,1,2
instilledbee,1,1,2
Remarkable-Shine-63,1,1,2
petethesnake,1,1,2
DBCheshireMan,1,1,2
Jump-Careless,1,1,2
Gonoopnoop,1,1,2
acekingspade,1,1,2
WelderCalm4901,1,1,2
VeryLazyLewis,1,1,2
kristimill,1,1,2
itan1994,1,1,2
Quartnsession,1,1,2
J4ck101972,1,1,2
Baudelaire-ulysse-7,1,1,2
Chris04401,1,1,2
Soren-J,1,1,2
radix-,1,1,2
Dependent_Client_559,1,1,2
2000SilviaHE,1,1,2
ThenFroyo3354,1,1,2
MoronicEpsilon,1,1,2
maestrojxg,1,1,2
BigE1388,1,1,2
noroomforvowels,1,1,2
piperman_,1,1,2
Ajkrouse,1,1,2
thyfoolest,1,1,2
bryani8,1,1,2
interdatalink,1,1,2
MayoFetish,1,1,2
Jannies_R_Tarded,1,1,2
thexile02,1,1,2
pmur_tits_or_ass_plz,1,1,2
trollshep,1,1,2
meanturing,1,1,2
Throwaway13373872,1,1,2
RobleyTheron,1,1,2
daigoba66,1,1,2
NickE90,1,1,2
muti555,1,1,2
Short-Conflict-9586,1,1,2
jayarikishi,1,1,2
barelylogic,1,1,2
akostadi,1,1,2
Maltox1,1,1,2
PrecisionController,1,1,2
doublewhatwhatwhat,1,1,2
ncat63,1,1,2
2422bhitchat,1,1,2
0wIix,1,1,2
mackenzor,1,1,2
Aiolia,1,1,2
CookedFerto,1,1,2
SatisfactionFine6298,1,1,2
Ok-Afternoon5828,1,1,2
thegreatestpretender,1,1,2
KiTaMiMe,1,1,2
reddit_account6095,1,1,2
redditteer4u,1,1,2
Camigatt,1,1,2
MisterSpeaks,1,1,2
CellBioMan,1,1,2
Visible_Potato_2765,1,1,2
Coffeetruckowner,1,1,2
Oros_Jackson,1,1,2
ClimateActivist_,1,1,2
No_Combination_6154,1,1,2
Emergencydocs,1,1,2
screwredditt67,1,1,2
EdwardDGonzalez,1,1,2
NiightWiing04,1,1,2
Jaspre333,1,1,2
Devlarwin,1,1,2
williamb100,1,1,2
Lava_97,1,1,2
Unfair_Low_6916,1,1,2
HistoricalAttempt417,1,1,2
DrogDrill,1,1,2
WhereasNo6030,1,1,2
Street_Ad_8146,1,1,2
Dtr146TTV,1,1,2
PlayStationDERP,1,1,2
Simonvilla1,1,1,2
Sad_Hovercraft4145,1,1,2
Federal_Cry_2359,1,1,2
ericand,1,1,2
Lardypoos2,1,1,2
Jettarie3,1,1,2
Crumbeast,1,1,2
venix124,1,1,2
illumestory,1,1,2
TechWadiya,1,1,2
lepandas,1,1,2
rudimenzi,1,1,2
barbosa800,1,1,2
fuqueue1984,1,1,2
s31_14m,1,1,2
darth_vidhur,1,1,2
Prometheus_Free,1,1,2
kenmox,1,1,2
EliThePie17,1,1,2
x01tl,1,1,2
jo_l21,1,1,2
AdAstraSA80,1,1,2
mc_catlyst_0_0,1,1,2
tshungus,1,1,2
BigJDC2015,1,1,2
ValentinaRiffe,1,1,2
thesemlas,1,1,2
Gmooos,1,1,2
ZuluClowder,1,1,2
stateofmetal,1,1,2
Ark_2x2,1,1,2
niddLerzK,1,1,2
trontrontronmega,1,1,2
Nathaniel_Rivers,1,1,2
1800cheezit,1,1,2
mpizzo123,1,1,2
Proliberate1,1,1,2
Scary-Profession-140,1,1,2
naveen_reloaded,1,1,2
CosmicGoGo,1,1,2
FortKnoxBoner,1,1,2
Totorose04,1,1,2
WalterVerbeke,1,1,2
fabianmosele,1,1,2
Vgamedead,1,1,2
AndreaBoyd2018,1,1,2
Vegetable_Issue3539,1,1,2
dannyocean7,1,1,2
zigzag_el1,1,1,2
Rider_unlimited,1,1,2
Ok-Inspection2014,1,1,2
naturesgiver,1,1,2
Julian_1_2_3_4_5,1,1,2
BritishCorner,1,1,2
yaxrob,1,1,2
samael1212,1,1,2
JuggST4R,1,1,2
Buckors,1,1,2
laowaiH,1,1,2
axeldehoon,1,1,2
PetMingau,1,1,2
Bulky_Gear3750,1,1,2
DesignerPilky,1,1,2
No_Opening_1541,1,1,2
Virtual-Study-Campus,1,1,2
film_maker1,1,1,2
doctorzaius6969,1,1,2
Own_Resort9915,1,1,2
Few-Lab9663,1,1,2
chaseNscores,1,1,2
str0cc0,1,1,2
bigbootybanditishere,1,1,2
Aggravating_Toe8949,1,1,2
Bombomp,1,1,2
concentrated-amazing,1,1,2
VonCrispy,1,1,2
Lost_Suggestion8876,1,1,2
Bashir_404,1,1,2
AHugeFreightliner,1,1,2
Daze_and_confused,1,1,2
picklesTommyPickles,1,1,2
NT_Rahi,1,1,2
thyroiconfused,1,1,2
NiceDiscount7231,1,1,2
kabelslotcf,1,1,2
Due-Fill-2715,1,1,2
TopTech-News,1,1,2
KAX1107,1,1,2
Brilliant-Evening962,1,1,2
SevereBother6712,1,1,2
dragon_6666,1,1,2
emab2396,1,1,2
Rzekue,1,1,2
Outrageous-Ad3863,1,1,2
Folkloreic,1,1,2
erroneousprints,1,1,2
Business_Rule_8864,1,1,2
BeefandCheeseLover,1,1,2
International-Yam942,1,1,2
Optimal-Ad-4323,1,1,2
Brawlocity,1,1,2
JollyVeterinarian419,1,1,2
NightFury_05,1,1,2
StupidBicycle,1,1,2
Trentwool,1,1,2
jeremysonxbox,1,1,2
beacham23,1,1,2
mpskierbg,1,1,2
clll2,1,1,2
OubreBeachHouse,1,1,2
ThunkerKnivfer,1,1,2
ud-ukey,1,1,2
e-scape,1,1,2
AvianWaffles,1,1,2
vaultRadon,1,1,2
SpookiScoobiCooki,1,1,2
Hakky54,1,1,2
One-Impression-8006,1,1,2
antoniocano7,1,1,2
Mysterious_Video_103,1,1,2
reflibman,1,1,2
LeemaAkbar,1,1,2
monaleeparis,1,1,2
rashkshana,1,1,2
MyTailNeverFails,1,1,2
Cubeseer,1,1,2
ejmajor,1,1,2
dexikay,1,1,2
Cram2024,1,1,2
Silent_Yesterday1697,1,1,2
GloWondub,1,1,2
buxors,1,1,2
k_mull87,1,1,2
Available_Hamster_44,1,1,2
T_Robbert,1,1,2
smorenitez,1,1,2
Level-Wishbone5808,1,1,2
Onehandedprince,1,1,2
BernItDown20,1,1,2
NatalieJastrow,1,1,2
LogansTrash2,1,1,2
FunchPalcon,1,1,2
Zippy0118,1,1,2
bunglejeno1,1,1,2
eChelicerae,1,1,2
BaosteelMetallurgy,1,1,2
i-dm,1,1,2
Spoolin_You,1,1,2
Arbaz101,1,1,2
catfarmer1998,1,1,2
TrustyAndTrue,1,1,2
sjncjkdvskdsk,1,1,2
DoobieToTheHead,1,1,2
nodiibratt,1,1,2
SilverSnake127,1,1,2
sunny_Aryan,1,1,2
bywssss,1,1,2
Ford_Prefect2nd,1,1,2
Ryham,1,1,2
ntgt,1,1,2
Matkionni,1,1,2
r66ster,1,1,2
thelivingphilosophy,1,1,2
mitch_wds,1,1,2
Miqblunt,1,1,2
MademoiselleQueen,1,1,2
jimfoley,1,1,2
InfoSecZach,1,1,2
jcgonzmo,1,1,2
JonnyKanone,1,1,2
miskaeducation,1,1,2
bynextdigital,1,1,2
usernumber78,1,1,2
Johnthebabayagawick,1,1,2
trendystuffz,1,1,2
DeBrujin,1,1,2
SensitiveBass6568,1,1,2
AndrewHollandFIA,1,1,2
AdamL480,1,1,2
Jyoti_Arora01,1,1,2
miortiq,1,1,2
ShawnBrandy,1,1,2
ultra_nick,1,1,2
bayashad,1,1,2
GuapChino,1,1,2
your_alley,1,1,2
Deep_Agent_3972,1,1,2
NonRiggedElection,1,1,2
magnificent18,1,1,2
WarOfNoise,1,1,2
prodev321,1,1,2
OpportunityIll9792,1,1,2
Xx_memer_XD95,1,1,2
Zebster10,1,1,2
Wolfram_George,1,1,2
purposefulprofit,1,1,2
techvirtualus,1,1,2
platformenterprise,1,1,2
vonhinke,1,1,2
Taro_Naza,1,1,2
nolazo,1,1,2
xcvas,1,1,2
Easyflip,1,1,2
FewWarning8066,1,1,2
ghostwritermen,1,1,2
good1dave,1,1,2
CivilSky2067,1,1,2
Mantastica,1,1,2
claryleighton,1,1,2
No-Economist3226,1,1,2
SilkyMitts12,1,1,2
opoopo11,1,1,2
4lgedbeast,1,1,2
Original_Iripoet,1,1,2
diaflux,1,1,2
klm45,1,1,2
ehfang56,1,1,2
wensafeo,1,1,2
HeadAdhesiveness2,1,1,2
veganswag,1,1,2
Shitsteamporkboot,1,1,2
swimmerRei5687,1,1,2
Outrageous_Reach7734,1,1,2
metabolic-tx,1,1,2
AlbertSmithson,1,1,2
madchas34,1,1,2
hungryim,1,1,2
Thomytricky,1,1,2
aspectator5,1,1,2
fakomii,1,1,2
Derek15027,1,1,2
gutter007,1,1,2
OyaHikikomori,1,1,2
T-A-Wycoff,1,1,2
diab2000,1,1,2
AeneidDesign,1,1,2
Scary-Winter1851,1,1,2
ProteinPapi777,1,1,2
MadSanityIssues,1,1,2
GAmooose,1,1,2
BigBronco,1,1,2
parsonification,1,1,2
designer1one,1,1,2
patrioticbets,1,1,2
rleonard_03,1,1,2
AllWoolEverything,1,1,2
Ok_Pirate_8219,1,1,2
ibm_khalil,1,1,2
0neiria,1,1,2
peileip,1,1,2
Fucking-Peg-Me,1,1,2
Gizzy739,1,1,2
NeverEndingSwim,1,1,2
rrhoads17,1,1,2
jonnyuta,1,1,2
Existing_Fig4064,1,1,2
nrcds,1,1,2
MingTianJian,1,1,2
Newvision20,1,1,2
yanneves,1,1,2
proof-of-lake,1,1,2
VictimOfRhythm,1,1,2
Jober1989,1,1,2
skifters,1,1,2
homepagia,1,1,2
Mystic_Pizza_King,1,1,2
cocomac42,1,1,2
gentlemedia,1,1,2
Puzzleheaded_Hold655,1,1,2
whtisthis,1,1,2
jolenzy,1,1,2
diegolrs,1,1,2
kakistocrator,1,1,2
Silly-Paramedic9734,1,1,2
zero-2-one_,1,1,2
chocotripchip,1,1,2
ekalyvio,1,1,2
SharpPoetry,1,1,2
theeberhart,1,1,2
Amalrachdi,1,1,2
Admirable-Judgment32,1,1,2
t1mu1,1,1,2
butthole_bomber,1,1,2
NRgumN,1,1,2
brieberbuder,1,1,2
TeddyRooseveltballs,1,1,2
Mrk2d,1,1,2
bishop_steve,1,1,2
-ponko-,1,1,2
rk5577,1,1,2
HonestRadical,1,1,2
Eliana7654,1,1,2
inspirz,1,1,2
westerngaming1,1,1,2
jondavidbrooks,1,1,2
badeaknows,1,1,2
saj1011,1,1,2
ZRsito,1,1,2
SaladinTheFourth,1,1,2
Itsmrnobodytoyou,1,1,2
abc123xyz12,1,1,2
p4bl0,1,1,2
Drew_Ferran,1,1,2
ISangria,1,1,2
metatport,1,1,2
goodstuff000,1,1,2
Haunting-Somewhere-6,1,1,2
prabhnoorhans,1,1,2
Pobo1738,1,1,2
argotheme,1,1,2
AsianRaisu,1,1,2
AustinMarsh2018,1,1,2
Dry_Channel2711,1,1,2
KawhiLeonardIsSenpai,1,1,2
TheDaywalkerneo,1,1,2
ezaytkd,1,1,2
ottolouis,1,1,2
imbyath,1,1,2
BB4evaTB12,1,1,2
scoozo55,1,1,2
Krotonius,1,1,2
CanIHaveOxfordPlease,1,1,2
unquietwiki,1,1,2
Redbeard1167,1,1,2
officiallyBA,1,1,2
Ski1990,1,1,2
Franks_over_sriracha,1,1,2
Aleclr,1,1,2
OrdinaryAlbatross528,1,1,2
Possible-Focus7786,1,1,2
Possible_Weekend,1,1,2
TealTriangle,1,1,2
isabel_77,1,1,2
chub79,1,1,2
NoticeDq_,1,1,2
Quelene,1,1,2
TJline123,1,1,2
amangig,1,1,2
estorica,1,1,2
Glaucomys_sabrinus,1,1,2
pajeetscammer2,1,1,2
7ewis,1,1,2
astonfred,1,1,2
sfo2021,1,1,2
lightbuffalo418,1,1,2
ShortMONSTER,1,1,2
creation_networks,1,1,2
Ambitious_Pepper5224,1,1,2
Confident_Glass_6381,1,1,2
ImportanceDecent92,1,1,2
Skyfox2k,1,1,2
hanselthecaretaker,1,1,2
ScreamOfVengeance,1,1,2
MetaMonsieur2050,1,1,2
Missende_i,1,1,2
StinkingBadger,1,1,2
fge40910,1,1,2
gunnystarshina,1,1,2
Wrong_Nobody_6699,1,1,2
flynerd3000,1,1,2
Factech-Solutions,1,1,2
garryzhuang794,1,1,2
ibbzz9,1,1,2
Have_A_Look,1,1,2
Flimsy_Ad_9722,1,1,2
shanezam203,1,1,2
Cupoftia27,1,1,2
ComprehensiveFloor13,1,1,2
Fixerr,1,1,2
GlassAthlete8860,1,1,2
febaobrien,1,1,2
genxrd,1,1,2
plausibleinn,1,1,2
Queasy_Willingness_4,1,1,2
RykerAlden,1,1,2
Current_Macaroon3317,1,1,2
Jkarpmane,1,1,2
Ornery-Cap3723,1,1,2
PropertyOk302,1,1,2
Ansamxq,1,1,2
Onepicky,1,1,2
technocornucopia,1,1,2
Fit_Gain_456,1,1,2
TCr0wn,1,1,2
smithdepp123,1,1,2
Party-Sound-5421,1,1,2
blazinfastjohny,1,1,2
LindaPutTheCoffeeOn,1,1,2
hellO_india,1,1,2
8ro9uyxz,1,1,2
Memetic1,1,1,2
ml_hardware,1,1,2
Emotional_Cover537,1,1,2
GnuZach,1,1,2
machinetype,1,1,2
Hikvision_India,1,1,2
whateveruwantit2b-,1,1,2
Protonu3102,1,1,2
gambolputty_johann,1,1,2
CokedOutWalrus,1,1,2
intogymshit,1,1,2
upvoteorconsequence,1,1,2
LeftyScout,1,1,2
junostik,1,1,2
fielddata,1,1,2
driesdep,1,1,2
dloksnel,1,1,2
CartographerGrouchy2,1,1,2
Automatic_Cow583,1,1,2
Gamingstoner00,1,1,2
SkarredGhost,1,1,2
jmjohns2,1,1,2
BlandJars,1,1,2
TobaTekSingh,1,1,2
LBP2Fan_,1,1,2
Extra_Chemist5206,1,1,2
Fixthe-Fernback,1,1,2
Blue-world2,1,1,2
Sy3Zy3Gy3,1,1,2
AddictedContractor,1,1,2
Crypto_Actuary,1,1,2
kuvrterker,1,1,2
keeper-1901,1,1,2
qleptt,1,1,2
grzzjk,1,1,2
Errorsdoc11,1,1,2
Delicious-Spray3244,1,1,2
Justahomieinneed,1,1,2
connectsteven,1,1,2
Cdstrx,1,1,2
RedLilSleepy,1,1,2
franklynopethough,1,1,2
illDrinkToIt,1,1,2
ResearcherDue767,1,1,2
JaredReabow,1,1,2
Apprehensive_Bingo,1,1,2
Suspicious_Pay3300,1,1,2
Zestyclose_Equal_857,1,1,2
jmpz11,1,1,2
buzzfeednews,1,1,2
EduGreens,1,1,2
Meetmehere6,1,1,2
elephanthoody,1,1,2
gregaro,1,1,2
Wesleppard,1,1,2
ahivarn,1,1,2
i-really-like-mac,1,1,2
Ayush_JainMB,1,1,2
ANONYMOUSTIMETRAVELR,1,1,2
Leonardo_ofVinci,1,1,2
DynamoJonesJr,1,1,2
Surpotato,1,1,2
atlantisitservices,1,1,2
thatswhatyougot,1,1,2
laughingbuddha5555,1,1,2
Double_Snow2314,1,1,2
timmy30274,1,1,2
Traditional_Dot_5231,1,1,2
PartyGuy-01,1,1,2
ninabaksh,1,1,2
No_Lingonberry_6722,1,1,2
Zultoo,1,1,2
2Fast4,1,1,2
TieMoney685,1,1,2
atlantacharlie,1,1,2
CandyZerg,1,1,2
mikemessiah,1,1,2
DeeptechCommunity,1,1,2
Carlos0087,1,1,2
Spicy_Bicycle,1,1,2
sullafelixculpa,1,1,2
DueAspect6030,1,1,2
cemetaryofpasswords,1,1,2
john133435,1,1,2
ponnytail,1,1,2
alexei-2,1,1,2
Charming_Scholar_421,1,1,2
Upbeat-Record7491,1,1,2
nobones3,1,1,2
Controllaplayer5,1,1,2
Ongazord,1,1,2
THELUEAPP,1,1,2
Lost-Sun9561,1,1,2
hyperfreak51,1,1,2
Affectionate_Key182,1,1,2
_Amante_de_la_Moda_,1,1,2
djsanjo,1,1,2
parrothead_,1,1,2
Remote-Management-84,1,1,2
GuilhermeLourenco,1,1,2
Rnsc,1,1,2
nebula931,1,1,2
AccomplishedTomato59,1,1,2
657Westfield,1,1,2
TheMcChickenirl,1,1,2
Coffeeisbetta,1,1,2
Traditional_Key6164,1,1,2
microcrash,1,1,2
MozillaRally,1,1,2
Demented3,1,1,2
stevewatt_1234,1,1,2
LucDoesReddit,1,1,2
Paper2847,1,1,2
just_learner,1,1,2
Wooden-Possibility-7,1,1,2
-memeking-,1,1,2
bbrodsky,1,1,2
Theheisenbergh,1,1,2
geeupp,1,1,2
baghdadcafe,1,1,2
Ash8Hearts,1,1,2
InGenCorp,1,1,2
cd-Johanne,1,1,2
Plane_Comb_2756,1,1,2
MrITfreely,1,1,2
keyuriousity,1,1,2
CakeEatingPeasant,1,1,2
VogonSoup,1,1,2
Flonity,1,1,2
Balanophagy,1,1,2
spencersoper,1,1,2
p3opl3,1,1,2
teffhk,1,1,2
DeauxDeaux,1,1,2
Mr_Branflakes,1,1,2
Teddybear405,1,1,2
stravinsky_,1,1,2
heyhari,1,1,2
Bleary_Eyed,1,1,2
No-Independent-63,1,1,2
OfflinePWM,1,1,2
ImYoDeddy87,1,1,2
madhurendrasachan,1,1,2
chautuanpro91,1,1,2
whatskarmaeh,1,1,2
WebDeveloper_007,1,1,2
Glum_Pop_1331,1,1,2
Undertaker_G21,1,1,2
ignoredisrespect,1,1,2
ArcadEd,1,1,2
vasu34k,1,1,2
johnadams0729,1,1,2
tutu30,1,1,2
calivessel,1,1,2
ExileInCle19,1,1,2
IAM_14U2NV,1,1,2
likemi,1,1,2
floridadaze,1,1,2
attiude_knight,1,1,2
Your_Moms_Wack,1,1,2
Mystery_Log,1,1,2
HappinessIsA_,1,1,2
Kamilo124,1,1,2
deepsnowtrack,1,1,2
muntaxitome,1,1,2
simonlaforgue,1,1,2
Keumars,1,1,2
inaLilah,1,1,2
Harry_Asscrack,1,1,2
kuddlybuddly,1,1,2
NotWeakKneeSigils,1,1,2
TakeshiKovacsAI,1,1,2
Conscious-Stand4720,1,1,2
EmberTheBee,1,1,2
al-at-smartdrone,1,1,2
No-March6922,1,1,2
fixegamer,1,1,2
benito40,1,1,2
ashwin9960,1,1,2
techcrack,1,1,2
pardonmyfranton,1,1,2
Organic_Potato_2635,1,1,2
Lisztomania1098213,1,1,2
boosie234,1,1,2
LeadingSufficient558,1,1,2
Prior_Capable,1,1,2
aveoon,1,1,2
Drsangetsu,1,1,2
squidwurd,1,1,2
marvisrunning,1,1,2
Flimsy_Diet,1,1,2
Thisnamesgoodyeah,1,1,2
panadavanda,1,1,2
ObligationAware3755,1,1,2
J_elias95,1,1,2
shyleader,1,1,2
Free_Exchange3081,1,1,2
averydolohov,1,1,2
Glavurdan,1,1,2
Critical-Breakfast99,1,1,2
Cateatinghouseplant,1,1,2
lucid8,1,1,2
Low-Capital3667,1,1,2
Lowservvinio,1,1,2
JimmyConway__,1,1,2
Holland1954,1,1,2
Pure-Insurance430,1,1,2
theshanealv,1,1,2
cubechris,1,1,2
KetaFiendx100,1,1,2
RottenHedgehog,1,1,2
lebbe,1,1,2
MrCorrectTruth,1,1,2
Sh1ftyGh0st30,1,1,2
Galactus_Jones762,1,1,2
TVRamosAlves,1,1,2
YMYOH,1,1,2
rolling_sloths,1,1,2
RaspberryLogical,1,1,2
Sir_Senpaii,1,1,2
Possible-Economics16,1,1,2
cloudswarm,1,1,2
WhooisWhoo,1,1,2
Indiantechscammer69,1,1,2
Nimgorth,1,1,2
mithun2010,1,1,2
RelevantWindow9051,1,1,2
tradrich,1,1,2
incredibleamazing,1,1,2
Fathead_pinhead63,1,1,2
32624647,1,1,2
southernatheistscum,1,1,2
No_Firefighter_1722,1,1,2
cfull_19,1,1,2
DMWebsiteDesign,1,1,2
Shabooh,1,1,2
mogeboyce,1,1,2
Glittering_Ad_2887,1,1,2
noilddude,1,1,2
Longjumping_Diver_27,1,1,2
GSto,1,1,2
nzx_88,1,1,2
TheProtagonist_73N37,1,1,2
forcefulPisser,1,1,2
Frequent-Cucumber-64,1,1,2
xwolfalpha,1,1,2
Beanboy690,1,1,2
Wireless_Life,1,1,2
bisse_von_fluga,1,1,2
sindisil,1,1,2
Real_Bumblebee7005,1,1,2
Responsible_Leader_3,1,1,2
gallopo,1,1,2
ItsJayJo,1,1,2
TheButtFunk,1,1,2
namida33,1,1,2
WerewolfCautious8906,1,1,2
mahiljasani,1,1,2
SGOD1,1,1,2
SitDown-,1,1,2
Content-Donkey7981,1,1,2
rWallStreet,1,1,2
cal_oe,1,1,2
MrPolly83,1,1,2
TrollBond,1,1,2
tonusbonus,1,1,2
here-to-laugh-at-you,1,1,2
ImBatman-,1,1,2
Xplotos,1,1,2
RoninOfstag,1,1,2
WaterRaindrop,1,1,2
cyber_alpha_,1,1,2
Zealousideal-Ant705,1,1,2
EQVATOR,1,1,2
FTW312,1,1,2
AboveAvg87,1,1,2
blaisbay,1,1,2
Jack-Furious,1,1,2
Orenthalcaleb,1,1,2
Saeidnouri,1,1,2
secfirstmd,1,1,2
millz8307,1,1,2
Slick_willy47,1,1,2
pljacksparrow,1,1,2
teknouzay,1,1,2
lepslair,1,1,2
VeganBaguette,1,1,2
_beanman,1,1,2
paydaytraders,1,1,2
DaasQC,1,1,2
gymnastics86,1,1,2
The_Nile_App,1,1,2
_boxers_or_briefs_,1,1,2
Intelligent_Fox2637,1,1,2
mavericepic,1,1,2
MrBeh,1,1,2
ILikeCatsAndSquids,1,1,2
NoFluffing,1,1,2
OMNIA_Team,1,1,2
BeatenByInflation,1,1,2
AssociationNo6504,1,1,2
philcoven,1,1,2
beyondsciencetv,1,1,2
EvilTacoMan7533,1,1,2
SOBEB,1,1,2
_comfortably-numb_,1,1,2
Nachodon,1,1,2
Smirkuls,1,1,2
larvinmill,1,1,2
roselleebarle,1,1,2
ZeeshanSaud,1,1,2
Emillio3,1,1,2
Bubbly_kpp_42916,1,1,2
SuchLimeMemes,1,1,2
KerlyAustin,1,1,2
sapoutmud,1,1,2
htmaxpower,1,1,2
carstenjanckerisgod,1,1,2
TheBiggerDill,1,1,2
bobkuehne,1,1,2
Novel-Shallot1066,1,1,2
FreeChickenDinner,1,1,2
Hootinger,1,1,2
Ogun21,1,1,2
mushroognomicon,1,1,2
NOMAD8192,1,1,2
GulingKo,1,1,2
ben122134,1,1,2
calkch1986,1,1,2
techsober,1,1,2
AmitabhaWangchuck,1,1,2
mrappbrain,1,1,2
induwara_perera,1,1,2
northlondonhippy,1,1,2
sekoerten,1,1,2
hypasos,1,1,2
INFEKTEK,1,1,2
MkAshaSEO,1,1,2
goalie19shutouts,1,1,2
marcom06,1,1,2
Mudassir-Moin,1,1,2
Ok_Performer_7168,1,1,2
dealancer,1,1,2
t_britten,1,1,2
JosephVietnam,1,1,2
Rodrigo-Padula,1,1,2
_Ginesthoi_,1,1,2
Initial_Gear_6231,1,1,2
ParticularCell7686,1,1,2
andrebotelho,1,1,2
Cocainewater69,1,1,2
Code_slave,1,1,2
suchjersey,1,1,2
SlyB,1,1,2
helloredditusersyay,1,1,2
FPDrew,1,1,2
Justhavocman,1,1,2
LukeThorham,1,1,2
Dark-indeed11,1,1,2
rottoneuro,1,1,2
UNAUTH0R1ZED,1,1,2
leb_daddy,1,1,2
identifytarget,1,1,2
Randomperson9029,1,1,2
ToTheMoon098,1,1,2
Odd_Couple5090,1,1,2
swanky_swanker,1,1,2
TheseDraw,1,1,2
quantum_slut,1,1,2
Coolarg,1,1,2
JudCasper,1,1,2
codealtecdown,1,1,2
Meanreverzion,1,1,2
iriss13,1,1,2
andiamoamore,1,1,2
Choice-Box-5205,1,1,2
Dotcombo,1,1,2
gamewin1,1,1,2
iamdavethepurpleman,1,1,2
dustinburke83,1,1,2
rumple9,1,1,2
qazwsx1112,1,1,2
DracDracAll,1,1,2
JackAttack2003,1,1,2
ferhanmm,1,1,2
gheeboy,1,1,2
texcooks,1,1,2
Own-Broccoli9724,1,1,2
Majestic-Chapter-206,1,1,2
ZPSCORP,1,1,2
IBoris,1,1,2
akashmishra15,1,1,2
scarlit,1,1,2
undergrround,1,1,2
ElGallinero,1,1,2
danishpandey09,1,1,2
Classic_Letterhead,1,1,2
Gold_Film_6991,1,1,2
upstart-crow,1,1,2
jrh206,1,1,2
ipsum666,1,1,2
TheMarty88,1,1,2
tushars30,1,1,2
Sofakingjewish,1,1,2
ammy2311,1,1,2
One-Manufacturer8879,1,1,2
mark_and_rain,1,1,2
redditmod,1,1,2
Im_Special,1,1,2
Everyday_Renegades,1,1,2
Important-One3142,1,1,2
ryan19944,1,1,2
Nicolechris19,1,1,2
82101105110105101114,1,1,2
Davidred323,1,1,2
Samta752,1,1,2
J3susisKing2021,1,1,2
IIVincentVegaII,1,1,2
Least_Read7460,1,1,2
Hassaniftikhar86,1,1,2
VolvMedia,1,1,2
Efficient_Night_1490,1,1,2
Timely_Signal1377,1,1,2
_P4TR10T,1,1,2
betamemes,1,1,2
jr_planet_earth,1,1,2
youtossershad1job2do,1,1,2
CatalinCuric,1,1,2
den-newscutezy,1,1,2
CallEmAsISeeEm1986,1,1,2
PaP3s,1,1,2
maciej1993,1,1,2
buggaby,1,1,2
Ok_Fun360,1,1,2
john3182,1,1,2
bowties_bullets1418,1,1,2
Violet0704,1,1,2
Austinite4ever,1,1,2
SaladassUwU,1,1,2
Effective-Ad-7605,1,1,2
HardtackOrange,1,1,2
DonYoda22,1,1,2
simpledsp,1,1,2
Arachnapony,1,1,2
Goooooogol,1,1,2
lakuma,1,1,2
joshp25,1,1,2
maxitobonito,1,1,2
NationalExpress1,1,1,2
ConfidentWerewolf790,1,1,2
Somali_Pir8,1,1,2
CookiesAndMiniguns,1,1,2
Amazing_Bird_5224,1,1,2
OGistorian,1,1,2
retvets,1,1,2
Shrek-2020,1,1,2
PHATDANKIE,1,1,2
The_Komparer,1,1,2
samkirubakar,1,1,2
Constant_Eternal,1,1,2
Damodinniy,1,1,2
crispychipsx,1,1,2
FitterOver40,1,1,2
moistmarbles,1,1,2
EarDocL,1,1,2
pulz-nest-dark,1,1,2
Humble_Logic,1,1,2
ericgtr12,1,1,2
Visual-Cress4055,1,1,2
JustSomeDudeInTexas,1,1,2
Dangerous_Piccolo_69,1,1,2
Objective_George4231,1,1,2
card_chase,1,1,2
thestudlife,1,1,2
tundrasuperduty,1,1,2
Select_Window_3115,1,1,2
randdude220,1,1,2
myshit11,1,1,2
EstablishmentReal453,1,1,2
Jeff-chan35274,1,1,2
Real_Power_Yes,1,1,2
Akephalos_Agares,1,1,2
brownboy73,1,1,2
fromtrialswisdom,1,1,2
P0rnStache4,1,1,2
PrincessOpal,1,1,2
SlothCroissant,1,1,2
He-is,1,1,2
VeterinarianMean5244,1,1,2
KookilyFlagrant,1,1,2
DoorCoalEnergy,1,1,2
DeSlaye,1,1,2
ShlayerShiv,1,1,2
BitThick3711,1,1,2
DietDrBleach,1,1,2
tanvel,1,1,2
Manybackalleykrisp,1,1,2
TheComplexName,1,1,2
drumet,1,1,2
-Stormcrow-,1,1,2
ApartmentVisible221,1,1,2
FoxyFoxMulder,1,1,2
OptimalConcept,1,1,2
YunngAssumedGender,1,1,2
Fouroct856,1,1,2
Impossible_Guard_975,1,1,2
RebootStudy2021,1,1,2
MadGriZ,1,1,2
superuofficial,1,1,2
Ferryfloow_knows,1,1,2
IHeartMushrooms,1,1,2
SunStar119,1,1,2
OptimalExtension3169,1,1,2
SundaeSuccessful7953,1,1,2
DonjiDonji,1,1,2
Competitive_Doctor13,1,1,2
TheUtopianCat,1,1,2
Tactical_Contact,1,1,2
WakemanCK,1,1,2
AngelaMotorman,1,1,2
Key-Research-1300,1,1,2
sevenyeardust,1,1,2
casinoCurry,1,1,2
Aculance,1,1,2
Overvelde,1,1,2
Tadeh1337,1,1,2
into_the_ozone,1,1,2
mr_poopy_pants420,1,1,2
vyrusrama,1,1,2
yilanoyunuhikayesi,1,1,2
Icy_Service_8336,1,1,2
willie23223,1,1,2
z_nosferatu,1,1,2
ClothingMachinery,1,1,2
sstales,1,1,2
m3antar,1,1,2
WoodyWoodster626,1,1,2
link_2_fate,1,1,2
topgearfanboy1,1,1,2
NationalAd1368,1,1,2
peaknewsonline,1,1,2
The-Video-Gamer,1,1,2
azurduhh,1,1,2
ComprehensiveAddict,1,1,2
tommy25ps,1,1,2
NateRiversX,1,1,2
Purple-Cartographer4,1,1,2
fnailqueen,1,1,2
SourceIndependent974,1,1,2
water-and-fire,1,1,2
LaserPhotonicsUSA,1,1,2
Adventurous_Bet6849,1,1,2
Aculance2020,1,1,2
lord_noobYT,1,1,2
Unknown-SeaCreature,1,1,2
Zacepp2,1,1,2
auntfloss,1,1,2
IonClawz,1,1,2
marc_palombo24,1,1,2
WASY2811-,1,1,2
jadenc2c,1,1,2
Zxebn,1,1,2
curvejLi,1,1,2
howtobuildaspaceship,1,1,2
Matt_787,1,1,2
technoarsi,1,1,2
apuzilla,1,1,2
RetroTechMuseum,1,1,2
vvillehelm,1,1,2
Patronerox,1,1,2
Forest550,1,1,2
Aromatic-Inspection7,1,1,2
SnooPickles1331,1,1,2
Embarrassed_Bed_1428,1,1,2
kushiekittie,1,1,2
Er_Coues,1,1,2
Connect-Revolution20,1,1,2
muhhuh,1,1,2
what_should_we_eat,1,1,2
workintransit,1,1,2
cactusbeard,1,1,2
YakRepresentative845,1,1,2
Substantial-Exit-614,1,1,2
Highlander2748,1,1,2
wiltj,1,1,2
nawigavin,1,1,2
Ese_osa1,1,1,2
Luciferincucumber,1,1,2
Thorsport_fan,1,1,2
_gadgetFreak,1,1,2
Parking-Pension9811,1,1,2
ARTPollard,1,1,2
dionrockss,1,1,2
Relevant_Plate_5300,1,1,2
throwawaybezos,1,1,2
SecureDonut7108,1,1,2
naltroc,1,1,2
petiterunner,1,1,2
klixc101,1,1,2
Svenk135,1,1,2
lioverte,1,1,2
suhwaggi,1,1,2
AndrewVice,1,1,2
EtherVirtualMachine,1,1,2
apeuro,1,1,2
Echidnahh,1,1,2
Yobitel,1,1,2
Economy-Order6450,1,1,2
blutom,1,1,2
Dexter263,1,1,2
hunglowmanlett,1,1,2
experiencemattersnow,1,1,2
The-world-is-done,1,1,2
Iamgary2021,1,1,2
TSMWorldChampions,1,1,2
urg_,1,1,2
bkrebs,1,1,2
DENSELY_ANON,1,1,2
KuCoinCustomer1974,1,1,2
Patentsmatter,1,1,2
Codko,1,1,2
Ram_1979,1,1,2
Additional-Tailor-60,1,1,2
erepresent,1,1,2
cstarnino,1,1,2
No_Wolf4746,1,1,2
Timotej777,1,1,2
superfakesuperfake,1,1,2
BugResponsible7170,1,1,2
Bsket,1,1,2
VICENews,1,1,2
lookinglikefun,1,1,2
drkblits24,1,1,2
Future_Ad_2028,1,1,2
RattyRusty1,1,1,2
ivyshaft,1,1,2
that_checks_out69,1,1,2
nuaavo,1,1,2
SpiderBudd,1,1,2
UnusualCartoonist6,1,1,2
RunEnvironmental4008,1,1,2
Kaschenko,1,1,2
Hentai79420,1,1,2
parappaplushie,1,1,2
JordanLawver,1,1,2
MisCeLLuZ,1,1,2
jimmythemini,1,1,2
Alert-Inside-8006,1,1,2
thenewyorktimes,1,1,2
CaptainWumbology,1,1,2
Pitiful-Specialist12,1,1,2
Jealous-Interview-97,1,1,2
AdCommon1908,1,1,2
DarkGlitch08,1,1,2
Fluffy9345,1,1,2
M1STER_E,1,1,2
smeinrich,1,1,2
kcrobinson,1,1,2
meehow808,1,1,2
Sudden_Dirt_1763,1,1,2
Alone_Ad6784,1,1,2
Zestyclose_Lack8795,1,1,2
Wavecation,1,1,2
Srishanvi,1,1,2
drpoo69,1,1,2
snowzombie500,1,1,2
The101stAirborne,1,1,2
RealityTerry,1,1,2
ilovecatnaps,1,1,2
DonElios,1,1,2
IndependentSeamen,1,1,2
TheDreixon,1,1,2
im_endeavorance,1,1,2
AwardImaginary,1,1,2
Consistent_Pie_3475,1,1,2
Particular-Quote-536,1,1,2
funination,1,1,2
janice_kam,1,1,2
Anonymousobserve,1,1,2
TheTechnician_22,1,1,2
nedstarkin,1,1,2
ShureSure,1,1,2
Both_Ad8477,1,1,2
antrophist,1,1,2
jone_net,1,1,2
Emotional-Praline543,1,1,2
elaborinth8993,1,1,2
Ed-Geingsta,1,1,2
jonathan_widder,1,1,2
tezacer,1,1,2
cyber_nitro19,1,1,2
inovies,1,1,2
Dry_Entrepreneur6603,1,1,2
AndreaCantone,1,1,2
sergioad,1,1,2
One_Establishment868,1,1,2
photograpopticum,1,1,2
Exciting_Truck_7734,1,1,2
trustworthy56,1,1,2
jdunns4,1,1,2
roxeal,1,1,2
IndexCase,1,1,2
anonymouspwrson10002,1,1,2
Dizzy_Noise,1,1,2
whiskeyaussie,1,1,2
bobDarin,1,1,2
Zealousideal-Lie-333,1,1,2
Spinifex-Broadford,1,1,2
Sheri_ABQ,1,1,2
Low-Obligation-4224,1,1,2
ComprehensiveNorth1,1,1,2
Otherwise-Extent-134,1,1,2
tacocorp1,1,1,2
mo-xyz,1,1,2
squid-slime,1,1,2
systemization,1,1,2
Consistent_Sign_4597,1,1,2
YasharFL,1,1,2
jennaisokay,1,1,2
Slowlyski,1,1,2
Punguin456,1,1,2
Fuckmenot,1,1,2
Pepperminticehouse,1,1,2
ComicGreat,1,1,2
MinnSnowMan,1,1,2
miss_trillian,1,1,2
Heavenslook,1,1,2
phocuser,1,1,2
Existing-Tour9751,1,1,2
weirqueer,1,1,2
trashdragongames,1,1,2
manteiga_night,1,1,2
dikaruu,1,1,2
justalazygamer,1,1,2
Skedar_Itou,1,1,2
FrenchPressMe,1,1,2
RichardHMoulton,1,1,2
sealovespdxME,1,1,2
Hopeful-Guess5280,1,1,2
Identifydriver,1,1,2
Sir_MasterBate,1,1,2
Drats-DeletedagainQ,1,1,2
looker114,1,1,2
singpolyma,1,1,2
SovietRussian420,1,1,2
Shay-Love,1,1,2
gamesdas,1,1,2
NiYtSHADJow,1,1,2
mishaalnaeem,1,1,2
YtvwlD,1,1,2
hedney3,1,1,2
Fraiz24,1,1,2
CharliePlayer1,1,1,2
Johnnyp717,1,1,2
kaloyanski,1,1,2
asafpeer2005,1,1,2
wolffery,1,1,2
TopPin1,1,1,2
skunk_ink,1,1,2
TechD123,1,1,2
DirectRead2,1,1,2
Swein_Forkbeard,1,1,2
AnimalCrossed24,1,1,2
emptypotatoes42,1,1,2
Commercial-Highway23,1,1,2
JustFred24,1,1,2
Wolf35999,1,1,2
jordzjake,1,1,2
KMartSheriff,1,1,2
TechnicalLeader79,1,1,2
FillsYourNiche,1,1,2
worgia,1,1,2
DomPachino,1,1,2
Amazing_Lunar,1,1,2
widofnir,1,1,2
Akula_SSN,1,1,2
killerblazeball,1,1,2
KingstonEz,1,1,2
stevethepirateuk,1,1,2
Breaksondy,1,1,2
Bettyboo9222,1,1,2
amyjackson444,1,1,2
sboakyey,1,1,2
Aganith,1,1,2
yes_but_no9,1,1,2
Heyj-why,1,1,2
aligantz,1,1,2
farts_on_faces,1,1,2
faintingoat,1,1,2
iissmarter,1,1,2
Hot_Connection_189,1,1,2
tofe_lemon,1,1,2
t3hzm4n,1,1,2
coolbern,1,1,2
Embereyess,1,1,2
VaultHill,1,1,2
TwoEggsOverHard,1,1,2
Appointment_Addict,1,1,2
styp3r,1,1,2
Visual_Heat_7357,1,1,2
Chijioke_official,1,1,2
WilliamPHP,1,1,2
Meteor_Impact,1,1,2
ridev65s,1,1,2
blarghhboy,1,1,2
iamdanthemanstan,1,1,2
getting_into_knives,1,1,2
NobleElement5,1,1,2
petea_copine,1,1,2
Fanrific,1,1,2
MBB209,1,1,2
andrewclarkson,1,1,2
YamiJustin1,1,1,2
aguali,1,1,2
Hobert-ben,1,1,2
thenervousfoxpolice,1,1,2
ss2sharma,1,1,2
Imchaman,1,1,2
Langernama,1,1,2
NevadaCrump,1,1,2
webdev20,1,1,2
JonnyManhattan,1,1,2
bev9489,1,1,2
Numerous-Ease-3818,1,1,2
I_m_Being__Lucas,1,1,2
Elite_wildwolf,1,1,2
nick314,1,1,2
PranavBird,1,1,2
fliftysand123,1,1,2
The-Bored-Guy10,1,1,2
DeepHistory,1,1,2
amanbhatia97,1,1,2
FutureisAsian,1,1,2
billchill1,1,1,2
FURRiKyTSUNE,1,1,2
idrossbenyounes,1,1,2
Burgerlord24,1,1,2
RicoBentley,1,1,2
Blueberryburntpie,1,1,2
eNjOi_,1,1,2
Spiritual_Chip_1309,1,1,2
Haberdashermon,1,1,2
BCSWowbagger2,1,1,2
BillyBerigman,1,1,2
dandan14,1,1,2
Rogue508,1,1,2
reddit5446,1,1,2
TrueNorthAmerica,1,1,2
manoharvamsi,1,1,2
ResidentAttention640,1,1,2
humxnprinter,1,1,2
reallynotacop,1,1,2
sophychurchy1,1,1,2
virupaks,1,1,2
vl4dimir99,1,1,2
HotVW,1,1,2
JfourSON,1,1,2
llevar,1,1,2
MirkoPierli95,1,1,2
ZaWarudooooooo,1,1,2
Milzo9,1,1,2
SarkastikAmbassador,1,1,2
subsevenn7,1,1,2
naughtyguiman,1,1,2
Forsaken_System,1,1,2
kloutier,1,1,2
bluethunder1985,1,1,2
adormehi,1,1,2
add11123,1,1,2
NecessaryStrain,1,1,2
Ice-Common,1,1,2
jmend23,1,1,2
Number26,1,1,2
InternationalIdeal61,1,1,2
wellroundedstudios,1,1,2
_DMYZ,1,1,2
keung1234567890,1,1,2
Inairandfloating,1,1,2
udaichi,1,1,2
SkinToneChixkenBone,1,1,2
howdoesitwork31,1,1,2
smithworld1,1,1,2
lindenstark,1,1,2
AlbertMoral2018,1,1,2
_Kristian_,1,1,2
roofkorean55,1,1,2
Electronic_Alarm5568,1,1,2
evasive-company,1,1,2
similarities,1,1,2
about842,1,1,2
charIiesthebest,1,1,2
charvadaryan,1,1,2
realityr,1,1,2
Gooosfraba1,1,1,2
Suspicious-Brief970,1,1,2
huydh_,1,1,2
observerfrompdx,1,1,2
Sharing-isCaring2022,1,1,2
Buffalojj02,1,1,2
AntOk463,1,1,2
khrishan,1,1,2
djb365,1,1,2
The_W_Team1,1,1,2
sashanicoleart,1,1,2
Either_Assumption392,1,1,2
DermoTester,1,1,2
Rabahb7com,1,1,2
EastMojo,1,1,2
Individual-Walk-1852,1,1,2
Little-Scholar-4191,1,1,2
intersting55555,1,1,2
BlackPanther001,1,1,2
hubbahubba98,1,1,2
MisterMeister68,1,1,2
FullBagOfDoritos,1,1,2
onearmedphil,1,1,2
bug_1729,1,1,2
Less_Transportation,1,1,2
IAmAdamQuinn,1,1,2
BettyBeltway,1,1,2
Inevitable-Run539,1,1,2
sstiel,1,1,2
Izento,1,1,2
johnnymarijuana,1,1,2
thatweirdkidriley,1,1,2
hatdog-00,1,1,2
Social_History,1,1,2
Aggressive-Alps-4502,1,1,2
cre8it2,1,1,2
partev,1,1,2
Kage_Dragon7,1,1,2
SQLMaria,1,1,2
savagepriest,1,1,2
nobodyinnj,1,1,2
obvious-statement,1,1,2
Dudarion,1,1,2
plumbsearch,1,1,2
arminham1967,1,1,2
atrcrest,1,1,2
Battle_Librarian,1,1,2
BingBingBONGB0NG,1,1,2
ZELENY_OTARU,1,1,2
ElectricBeige3000,1,1,2
cruzab-2005,1,1,2
Clear-cutMemory,1,1,2
Raffalove88,1,1,2
Longjumping-Cress793,1,1,2
buckeye837,1,1,2
Shadow87,1,1,2
Objective-MMW,1,1,2
skrepps1,1,1,2
smorin1487,1,1,2
tentaclesofoblivion,1,1,2
AlternativeFix3,1,1,2
rumbarumba7,1,1,2
hubahuba111,1,1,2
Warm_Ice_Cream,1,1,2
real_yy,1,1,2
HidingUnderACar,1,1,2
liamdempsey014,1,1,2
better_for_me,1,1,2
arruah,1,1,2
grao666,1,1,2
tacitsending01,1,1,2
BarcaIsMyLove,1,1,2
totestsuswopfi,1,1,2
StardewFlow,1,1,2
MarcusLegendary,1,1,2
Gumwars,1,1,2
UrUncleRick,1,1,2
sowmyamelissa,1,1,2
HathamLudacrious,1,1,2
DavidLegba,1,1,2
Hot-Issue7445,1,1,2
PlasticLeopard2711,1,1,2
squishylime,1,1,2
r0ckydog,1,1,2
Purplesindro,1,1,2
anubisw,1,1,2
RyderCragie,1,1,2
discgolfpro,1,1,2
globly2,1,1,2
anguilla1988,1,1,2
Original-Elephant988,1,1,2
neil_thayer,1,1,2
aayushmore,1,1,2
LtArson,1,1,2
No-Try-3953,1,1,2
Ossify21,1,1,2
woodybuzz123,1,1,2
i_am_SK87,1,1,2
MudkipOnYT,1,1,2
Jelegend,1,1,2
add_____to_____cart,1,1,2
BennyBotYT,1,1,2
Edjinx,1,1,2
bostonglobe,1,1,2
SnackSize_,1,1,2
2ndComingOfLasagna,1,1,2
zerosnobby,1,1,2
ydouhatemurica,1,1,2
Grumlyly,1,1,2
jfdonohoe,1,1,2
kulkarniaditya,1,1,2
StrachNasty,1,1,2
Joelpp2002,1,1,2
DemocracyBug,1,1,2
Large-Service1605,1,1,2
MartyMonero,1,1,2
tophatstuff,1,1,2
Miguel221109,1,1,2
the-jurassic,1,1,2
OpinionAdventurous44,1,1,2
ayradv,1,1,2
HoooldItRealGood,1,1,2
misconceptions_annoy,1,1,2
Putin666,1,1,2
grebulon,1,1,2
yrdz,1,1,2
battleforbadussy,1,1,2
classic2018,1,1,2
SplodeyDope,1,1,2
Alob2,1,1,2
arcticshadow247,1,1,2
Acceptable-Answer690,1,1,2
IdeaUsher__,1,1,2
dev-matt,1,1,2
Rainbow_kitt,1,1,2
ChadderVox,1,1,2
Wildurple,1,1,2
blablabl,1,1,2
Postmanpatt,1,1,2
jtmr11801,1,1,2
pontuwa,1,1,2
DavidSternMusic1979,1,1,2
Legal-League-3259,1,1,2
TheBloomTalks,1,1,2
6000ft,1,1,2
hundredacrewrist,1,1,2
MuhammadJim,1,1,2
Recent_Cow1672,1,1,2
curiousinglish,1,1,2
RICHIEBRA5969,1,1,2
Guard-Large,1,1,2
mcantrell,1,1,2
SuperLuigiGamer85,1,1,2
NXT_wasTaken,1,1,2
SpiritExtreme,1,1,2
plentyofwhitepussy,1,1,2
cinemojo,1,1,2
jparekh73,1,1,2
slenderberg,1,1,2
Viva-La-Virgo,1,1,2
MrsTomWilson,1,1,2
Insidious-Ruin,1,1,2
Professional_Aide499,1,1,2
alex-redacted,1,1,2
Environmental_Map724,1,1,2
SePuedaHacerlo,1,1,2
ExcellentChallenge44,1,1,2
SFX1415,1,1,2
Lynmar13,1,1,2
kirso,1,1,2
lalaa_Ji,1,1,2
janez_blond,1,1,2
darrelwarrenaz,1,1,2
Walk-False,1,1,2
TheRandomMagic,1,1,2
HockeyDoc7,1,1,2
littercoin,1,1,2
r3hmantom,1,1,2
InternalEmergency480,1,1,2
Arnold_25,1,1,2
Relevant_Pin_2173,1,1,2
souvenir_of_canada,1,1,2
Crafty-Emphasis7203,1,1,2
reinkefj,1,1,2
azrielsuccubus,1,1,2
techonlineme,1,1,2
huntthehorizon,1,1,2
Cold-Caregiver-2711,1,1,2
Excellent_Comment_72,1,1,2
Reqboy,1,1,2
Constant-Hxstler,1,1,2
I_am_visibility,1,1,2
JAMES_GmbH,1,1,2
flatbushzombiezz,1,1,2
B_B_a_D_Science,1,1,2
booboo-tiger,1,1,2
ro_musha,1,1,2
LiilKilleR,1,1,2
Task_Force-191,1,1,2
allInOneBoy,1,1,2
ilovekerma,1,1,2
Amazonexpress24,1,1,2
Junebugspade77,1,1,2
GuyVonRope,1,1,2
mailingservers,1,1,2
Healthy_Barber_761,1,1,2
imriskofrisko,1,1,2
code_x_7777,1,1,2
cornymentality57,1,1,2
Infamous_Fault3558,1,1,2
Anas7098,1,1,2
Avoid_Minji,1,1,2
ztgu,1,1,2
BYOGamingPC,1,1,2
irenecalm,1,1,2
davidwat,1,1,2
Aozi,1,1,2
leakshare_org,1,1,2
lonewolf19-14,1,1,2
Aran-F,1,1,2
WeSmartCorp,1,1,2
Far-Tree683,1,1,2
ThePurpleDeer2,1,1,2
AlphaWolfDesign,1,1,2
Business-Rush-5877,1,1,2
aizaz-zazii,1,1,2
TemporalSaiph,1,1,2
JimmyDeringerRealtor,1,1,2
ab8071919,1,1,2
Illustrious-Lynx3,1,1,2
pablockchain_,1,1,2
skycatQQ,1,1,2
LynxWasChosen,1,1,2
AccumulationofWords,1,1,2
omg_im_so_litty_lol,1,1,2
friedfish6969,1,1,2
yeendmum,1,1,2
expertleroy,1,1,2
ObviousDimension192,1,1,2
LorenzoLlamaass,1,1,2
AttitudeNational160,1,1,2
Error1272,1,1,2
Snoo81673,1,1,2
iamrmc,1,1,2
ReclusiveEagle,1,1,2
RedMemoryy,1,1,2
UnpleasantEgg,1,1,2
Zealousideal_Crazy46,1,1,2
RockyCreamNHotSauce,1,1,2
H16658050N,1,1,2
clickstream123,1,1,2
Back_of_the_Pack,1,1,2
Deepwebexplorer,1,1,2
logisnews,1,1,2
handanial,1,1,2
AdHoliday7862,1,1,2
Yoshi_Kong,1,1,2
ios-noob,1,1,2
jsgui,1,1,2
HispanicImmigrant,1,1,2
bitablackbear,1,1,2
Flimsy-Reach4191,1,1,2
SemirAC,1,1,2
console-dot-log,1,1,2
ThesaurusRex84,1,1,2
pacman0r,1,1,2
Alterstyle,1,1,2
Coin_Follow,1,1,2
moist-nostril,1,1,2
AtmanRising,1,1,2
runningman383827,1,1,2
TechNewVision,1,1,2
stardustprincssdgaf,1,1,2
nate_drezzz,1,1,2
mantha_anirudh,1,1,2
sebastienwebmaster67,1,1,2
jscooper22,1,1,2
xylempl,1,1,2
rarebrewer,1,1,2
Alternative-Bison615,1,1,2
Maximum-Tour3401,1,1,2
ShadowInvestors,1,1,2
aspirainspiration,1,1,2
vanilllaa,1,1,2
avidjockey,1,1,2
Ghnewslive,1,1,2
Temporary-Housing875,1,1,2
Gumballs2003,1,1,2
JarredNomak,1,1,2
can_do_generation,1,1,2
NewsListDaily,1,1,2
mastorak,1,1,2
yeropinionman,1,1,2
Pure_About,1,1,2
gentlehummingbird,1,1,2
Jeff-Galliot,1,1,2
mnrqz,1,1,2
EshaSawhney,1,1,2
SteinLaw,1,1,2
weareshiva,1,1,2
ayellowsky,1,1,2
aPP_apprentic67,1,1,2
_zekiel,1,1,2
XipsAhoy_,1,1,2
JoshM_01,1,1,2
CDMT14JD,1,1,2
brokemc,1,1,2
lewiss15,1,1,2
Reindeer_Live,1,1,2
ummyaaaa,1,1,2
imitationcheese,1,1,2
Amysumo,1,1,2
j_o_h_n7,1,1,2
messyp,1,1,2
ioscompileryt,1,1,2
codingbooks,1,1,2
static-dragon,1,1,2
Darth_Kahuna,1,1,2
UBIFAF,1,1,2
Yeethanos,1,1,2
vladzhy,1,1,2
PDXAudiophileGamer,1,1,2
Character_Shift7439,1,1,2
davesspacebar,1,1,2
3-1th-z-r,1,1,2
skudgee,1,1,2
humboldthunny22,1,1,2
EmotionalAd4657,1,1,2
leonardfournette392,1,1,2
myhairysac1,1,1,2
USWCboy,1,1,2
stytchz,1,1,2
4Ubybrybry,1,1,2
CircleBox2,1,1,2
Cylosmagic,1,1,2
Shaviyax,1,1,2